,time,S3_D4_HbO,S3_D3_HbO,S2_D3_HbO,S2_D2_HbO,S1_D2_HbO,S1_D1_HbO,S3_D4_HbR,S3_D3_HbR,S2_D3_HbR,S2_D2_HbR,S1_D2_HbR,S1_D1_HbR,Var14,score,labelnum,filename,total_time
0,653.504,-0.11412302699999999,0.23117368900000002,0.609824602,0.7429969269999999,-0.132452299,0.79693854,-0.14378665399999999,0.10804584099999999,0.160635222,0.17323616199999997,0.0829935283,0.18619358200000002,,200.36363636363637,1,L03_NIRS-2019-08-17_007_trial07.txt,86.0
1,654.7839999999999,-0.09189211050000001,0.243373596,0.627512042,0.7813848830000001,-0.145858361,0.8045872520000001,-0.139196344,0.11073465600000001,0.20600893000000003,0.191398192,0.08919404119999999,0.19925881099999998,,200.36363636363637,1,L03_NIRS-2019-08-17_007_trial07.txt,86.0
2,656.0640000000001,-0.03878173888,0.27272335400000003,0.689839674,0.898704463,-0.0827855866,0.88551074,-0.14617870100000002,0.11092096300000001,0.24892068299999998,0.21164323800000004,0.0954816007,0.213977276,,200.36363636363637,1,L03_NIRS-2019-08-17_007_trial07.txt,86.0
3,657.3439999999999,0.06784928770000001,0.379424062,0.8320971190000002,1.0637061749999999,0.0690794975,1.042660111,-0.151890618,0.119412926,0.276656933,0.228650742,0.10133839239999998,0.227254941,,200.36363636363637,1,L03_NIRS-2019-08-17_007_trial07.txt,86.0
4,658.624,0.251495441,0.6043258010000001,1.1004811680000004,1.25890243,0.282698393,1.2643954799999997,-0.14005434200000003,0.15013216899999998,0.29994627500000004,0.23754693300000002,0.103089663,0.238725204,,200.36363636363637,1,L03_NIRS-2019-08-17_007_trial07.txt,86.0
5,659.9040000000001,0.47071807899999996,0.865613006,1.4135999299999997,1.41338652,0.4726819709999999,1.47317119,-0.11610867,0.185671462,0.316167317,0.23052416200000003,0.09479244280000002,0.239852675,,200.36363636363637,1,L03_NIRS-2019-08-17_007_trial07.txt,86.0
6,661.184,0.6604583079999999,1.037365796,1.6177008999999998,1.4755899899999998,0.577838184,1.6122761099999998,-0.10073092900000002,0.196320601,0.30079732299999995,0.19496786700000002,0.0704608405,0.22255029799999998,,200.36363636363637,1,L03_NIRS-2019-08-17_007_trial07.txt,86.0
7,662.464,0.768172485,1.0554026200000002,1.65081209,1.4483956900000001,0.5910744450000001,1.65752633,-0.10367185999999999,0.17935069399999998,0.256817391,0.149997139,0.0378342319,0.189404509,,200.36363636363637,1,L03_NIRS-2019-08-17_007_trial07.txt,86.0
8,663.7439999999999,0.772281405,0.9245122380000002,1.51374731,1.37387844,0.5318773349999999,1.6139111,-0.12928981499999997,0.142146813,0.18938362700000003,0.10387537620000001,0.0032223652699999994,0.145157083,,200.36363636363637,1,L03_NIRS-2019-08-17_007_trial07.txt,86.0
9,665.0240000000001,0.6588301560000001,0.712293428,1.27514459,1.2618746799999996,0.421089102,1.5046445300000002,-0.174746059,0.10193083380000001,0.11739521659999999,0.06743504600000001,-0.027347167300000003,0.0967821932,,200.36363636363637,1,L03_NIRS-2019-08-17_007_trial07.txt,86.0
10,666.304,0.49347652600000014,0.539750333,1.0609784540000002,1.17907113,0.335265702,1.40543503,-0.221894254,0.0732285422,0.056076529900000005,0.046624368,-0.047693598399999995,0.05275473330000001,,200.36363636363637,1,L03_NIRS-2019-08-17_007_trial07.txt,86.0
11,667.5840000000001,0.38151216200000004,0.47483024,0.9675820770000001,1.160002,0.305648483,1.3615588399999998,-0.248094742,0.06449010749999999,0.0234320539,0.0371066808,-0.0558509881,0.019708842419999997,,200.36363636363637,1,L03_NIRS-2019-08-17_007_trial07.txt,86.0
12,668.8639999999999,0.347115163,0.46969246700000006,0.950394236,1.16079341,0.29357033499999996,1.33366396,-0.251231195,0.0639606978,0.01534253306,0.028534578799999998,-0.05811537209999999,-0.0031164153850000006,,200.36363636363637,1,L03_NIRS-2019-08-17_007_trial07.txt,86.0
13,670.144,0.354266946,0.44360132499999994,0.895541586,1.1450066700000001,0.282561787,1.2874261399999998,-0.242036643,0.05107854099999999,-0.0016630528423,0.0011530459469999998,-0.0614241346,-0.0219717059,,200.36363636363637,1,L03_NIRS-2019-08-17_007_trial07.txt,86.0
14,671.424,0.332701461,0.37374026899999996,0.7925839869999999,1.10169821,0.257288287,1.2225438000000002,-0.236559116,0.030340393299999997,-0.030610046699999997,-0.0350944911,-0.0710811716,-0.036781337600000005,,200.36363636363637,1,L03_NIRS-2019-08-17_007_trial07.txt,86.0
15,672.704,0.261577057,0.28097326300000003,0.6853514799999999,1.04632156,0.20766242399999996,1.1484826700000001,-0.238734307,0.00824556056,-0.0618567812,-0.0728346322,-0.096794897,-0.0511065179,,200.36363636363637,1,L03_NIRS-2019-08-17_007_trial07.txt,86.0
16,673.984,0.14956390199999997,0.198323611,0.599423087,0.968539868,0.12472672200000001,1.0668585800000001,-0.24710999300000003,-0.01047842165,-0.0865447967,-0.1034174622,-0.13069145899999998,-0.0664099613,,200.36363636363637,1,L03_NIRS-2019-08-17_007_trial07.txt,86.0
17,675.2639999999999,0.08346647029999998,0.176548078,0.5726842860000001,0.9163005889999999,0.0707416375,1.02052272,-0.24607533899999998,-0.0217112654,-0.1042143268,-0.126366938,-0.16106045700000002,-0.08304711549999999,,200.36363636363637,1,L03_NIRS-2019-08-17_007_trial07.txt,86.0
18,676.544,0.1506586306,0.243575084,0.648603897,0.9317737500000002,0.0980161344,1.04412954,-0.226249051,-0.021334765100000003,-0.10280885120000001,-0.14084168,-0.182340303,-0.10175237959999998,,200.36363636363637,1,L03_NIRS-2019-08-17_007_trial07.txt,86.0
19,677.824,0.33267779399999997,0.37421426800000007,0.799034858,1.007465085,0.19140511300000002,1.11729883,-0.20156153299999996,-0.018598186899999997,-0.08509755050000001,-0.143888419,-0.19853041,-0.123383679,,200.36363636363637,1,L03_NIRS-2019-08-17_007_trial07.txt,86.0
20,679.104,0.5164839989999999,0.49899730499999995,0.9479393570000001,1.1099211900000001,0.296206635,1.1929751899999999,-0.190106725,-0.022232515099999996,-0.06439379910000001,-0.147023313,-0.21238342000000002,-0.14487161199999998,,200.36363636363637,1,L03_NIRS-2019-08-17_007_trial07.txt,86.0
21,680.384,0.5882497520000001,0.5303863630000001,0.979107831,1.14923066,0.356050066,1.20410462,-0.212097946,-0.049275527,-0.0806387971,-0.173883523,-0.225357269,-0.17997521,,200.36363636363637,1,L03_NIRS-2019-08-17_007_trial07.txt,86.0
22,681.664,0.551238608,0.488185337,0.936776733,1.12758594,0.370260102,1.16403769,-0.256114046,-0.0842038744,-0.1167555624,-0.209100797,-0.22872916999999998,-0.21671424999999997,,200.36363636363637,1,L03_NIRS-2019-08-17_007_trial07.txt,86.0
23,682.9439999999998,0.48910820699999996,0.41995936599999995,0.8742937919999999,1.0635630500000002,0.345450013,1.0856431999999998,-0.291985933,-0.115095281,-0.154607948,-0.23897238699999995,-0.218554725,-0.244402943,,200.36363636363637,1,L03_NIRS-2019-08-17_007_trial07.txt,86.0
24,684.224,0.47121784799999994,0.370560605,0.8273478749999998,0.978452839,0.3059825,0.9913676709999999,-0.304137511,-0.138434051,-0.18405073300000002,-0.26521925,-0.20198337200000002,-0.259385321,,200.36363636363637,1,L03_NIRS-2019-08-17_007_trial07.txt,86.0
25,685.5039999999999,0.492008452,0.34907247,0.8087555550000001,0.8967979009999999,0.266961373,0.8947737319999998,-0.299695532,-0.150794667,-0.195666086,-0.28453651199999996,-0.184297836,-0.264863819,,200.36363636363637,1,L03_NIRS-2019-08-17_007_trial07.txt,86.0
26,686.7839999999999,0.49517638,0.347350252,0.80395337,0.837839468,0.23045536000000003,0.822237172,-0.298238742,-0.15534124,-0.192412596,-0.288088621,-0.170545479,-0.261426994,,200.36363636363637,1,L03_NIRS-2019-08-17_007_trial07.txt,86.0
27,688.0640000000001,0.45307282700000007,0.35950608199999995,0.831134606,0.8345660089999999,0.21423256799999998,0.812104078,-0.30910401200000004,-0.155679296,-0.176603127,-0.279810517,-0.16528650399999997,-0.252847506,,200.36363636363637,1,L03_NIRS-2019-08-17_007_trial07.txt,86.0
28,689.344,0.3927508330000001,0.35996706500000003,0.8608831210000002,0.8604078170000001,0.22639796500000003,0.837445651,-0.325346806,-0.16081452599999999,-0.169868051,-0.273658061,-0.166077451,-0.25659307400000003,,200.36363636363637,1,L03_NIRS-2019-08-17_007_trial07.txt,86.0
29,690.6239999999999,0.390419097,0.37319452200000003,0.9044316990000001,0.8879056539999999,0.2691468,0.870211336,-0.33569448900000004,-0.168716011,-0.18220558299999998,-0.28208771400000004,-0.16531261,-0.27969597999999996,,200.36363636363637,1,L03_NIRS-2019-08-17_007_trial07.txt,86.0
30,691.9040000000001,0.495203629,0.43174624699999997,0.992590382,0.9134941619999999,0.311924969,0.897075229,-0.331459163,-0.168902096,-0.19199161800000003,-0.29602091099999994,-0.168678017,-0.312603149,,200.36363636363637,1,L03_NIRS-2019-08-17_007_trial07.txt,86.0
31,693.184,0.6255729349999999,0.489818187,1.0537297799999998,0.8783394899999999,0.293802592,0.8622190150000002,-0.32822369599999995,-0.173085209,-0.20029240399999998,-0.31606400900000003,-0.18376600899999998,-0.351015532,,200.36363636363637,1,L03_NIRS-2019-08-17_007_trial07.txt,86.0
32,694.4639999999999,0.6790685559999999,0.493127191,1.03930084,0.808226419,0.22077985400000003,0.764792452,-0.34352033699999995,-0.18689351900000004,-0.20899607000000003,-0.33491237799999996,-0.19993868500000003,-0.38632826000000003,,200.36363636363637,1,L03_NIRS-2019-08-17_007_trial07.txt,86.0
33,695.7439999999999,0.6221860519999999,0.435694814,0.9767150000000001,0.760533923,0.15214645200000002,0.6740620959999999,-0.37663522299999996,-0.20216656900000002,-0.21168691899999997,-0.336812702,-0.203023056,-0.40371099299999996,,200.36363636363637,1,L03_NIRS-2019-08-17_007_trial07.txt,86.0
34,697.0240000000001,0.5544645800000001,0.388294233,0.967906886,0.8042212829999998,0.160375691,0.649191901,-0.411460912,-0.215948678,-0.203654943,-0.32073732,-0.19618381899999998,-0.40867483300000007,,200.36363636363637,1,L03_NIRS-2019-08-17_007_trial07.txt,86.0
35,698.304,0.531588041,0.379852423,1.022111299,0.8954326609999999,0.209250209,0.6470432340000001,-0.432070165,-0.22966380500000003,-0.19129679699999996,-0.3005152569999999,-0.19054091899999998,-0.41160619700000006,,200.36363636363637,1,L03_NIRS-2019-08-17_007_trial07.txt,86.0
36,699.584,0.5442288179999999,0.385867557,1.06690338,0.9437683570000001,0.22955572700000001,0.6048977729999999,-0.435866946,-0.245433712,-0.19304332799999996,-0.29458068300000007,-0.191576061,-0.421806274,,200.36363636363637,1,L03_NIRS-2019-08-17_007_trial07.txt,86.0
37,700.8639999999999,0.554267651,0.3894402,1.06836356,0.9597113710000003,0.22794814300000002,0.562731212,-0.43359634299999994,-0.25658008099999996,-0.203909201,-0.2964706200000001,-0.193456071,-0.42935696500000003,,200.36363636363637,1,L03_NIRS-2019-08-17_007_trial07.txt,86.0
38,702.144,0.5399389649999999,0.375184876,1.03801536,0.9546768560000002,0.22570121700000004,0.5542334680000001,-0.43601347599999996,-0.264805619,-0.21361307999999996,-0.29373820300000003,-0.192522934,-0.42930332,,200.36363636363637,1,L03_NIRS-2019-08-17_007_trial07.txt,86.0
39,703.424,0.514758263,0.34906361500000005,1.007720141,0.9791037319999999,0.24468343799999998,0.578152947,-0.444728499,-0.269395725,-0.21605133699999998,-0.285037736,-0.18554695300000001,-0.421474495,,200.36363636363637,1,L03_NIRS-2019-08-17_007_trial07.txt,86.0
40,704.704,0.490349431,0.3219136,0.9957341829999999,1.0140347790000002,0.27115335500000004,0.617260557,-0.45129937500000006,-0.26639987600000004,-0.211450551,-0.270860764,-0.174467965,-0.40634889999999996,,200.36363636363637,1,L03_NIRS-2019-08-17_007_trial07.txt,86.0
41,705.984,0.5022839299999998,0.31926541900000005,0.9925668680000002,1.0317139899999999,0.28325314700000004,0.6400032440000001,-0.449314409,-0.26219227100000003,-0.209990167,-0.259951367,-0.168911326,-0.395649805,,200.36363636363637,1,L03_NIRS-2019-08-17_007_trial07.txt,86.0
42,707.2640000000001,0.5098909460000001,0.323033135,0.9586207960000002,1.006411221,0.261019758,0.642402924,-0.44576754,-0.261921506,-0.21394360800000004,-0.25694843000000006,-0.16904111,-0.391777325,,200.36363636363637,1,L03_NIRS-2019-08-17_007_trial07.txt,86.0
43,708.544,0.46267183199999995,0.28775279800000003,0.855796606,0.927104567,0.19802037700000003,0.621211137,-0.44452582100000004,-0.26532754199999997,-0.221525318,-0.260054787,-0.16886522899999998,-0.390921655,,200.36363636363637,1,L03_NIRS-2019-08-17_007_trial07.txt,86.0
44,709.824,0.36802452599999996,0.20006930599999997,0.6868619950000001,0.8197773420000001,0.13219301499999997,0.587334769,-0.446725553,-0.278406114,-0.24248283,-0.274477116,-0.16749072599999998,-0.394231544,,200.36363636363637,1,L03_NIRS-2019-08-17_007_trial07.txt,86.0
45,711.104,0.29952878,0.136394833,0.5740348340000001,0.7175679269999999,0.0872364631,0.55092857,-0.445089999,-0.288203665,-0.254599561,-0.287055408,-0.16319736599999998,-0.39642648100000005,,200.36363636363637,1,L03_NIRS-2019-08-17_007_trial07.txt,86.0
46,712.384,0.32592599600000005,0.154391522,0.579264521,0.641464134,0.0421854875,0.4909073160000001,-0.43361928499999997,-0.287032648,-0.24631874599999998,-0.296143105,-0.157822708,-0.396382115,,200.36363636363637,1,L03_NIRS-2019-08-17_007_trial07.txt,86.0
47,713.664,0.419508256,0.237575744,0.683322692,0.5928674469999999,-0.00701249239,0.42485799799999996,-0.41325724699999994,-0.27218966899999997,-0.215679616,-0.292603088,-0.151786722,-0.391557194,,200.36363636363637,1,L03_NIRS-2019-08-17_007_trial07.txt,86.0
48,714.9440000000001,0.514967623,0.329502215,0.81483525,0.590816856,-0.0323512606,0.38565483300000003,-0.39458184900000004,-0.25098445199999997,-0.170575894,-0.273558339,-0.14526398100000001,-0.38257040400000003,,200.36363636363637,1,L03_NIRS-2019-08-17_007_trial07.txt,86.0
49,716.224,0.551914232,0.35856486800000004,0.9021571829999999,0.633773938,-0.012163416659999999,0.384963203,-0.39125306000000004,-0.23449258900000003,-0.12735887799999998,-0.252239273,-0.140314126,-0.379978681,,200.36363636363637,1,L03_NIRS-2019-08-17_007_trial07.txt,86.0
50,717.5039999999999,0.514096952,0.300859137,0.8986039010000001,0.671182807,0.025224933999999997,0.3896868910000001,-0.40317297100000005,-0.22891377200000002,-0.10322748199999998,-0.238178475,-0.138804617,-0.386852816,,200.36363636363637,1,L03_NIRS-2019-08-17_007_trial07.txt,86.0
51,718.7839999999999,0.430897886,0.17564381099999998,0.8001508869999998,0.6390602340000001,0.013586567939999999,0.343906351,-0.41942682,-0.237794265,-0.11028840100000001,-0.240077244,-0.146824103,-0.405625158,,200.36363636363637,1,L03_NIRS-2019-08-17_007_trial07.txt,86.0
52,720.0640000000001,0.341212368,0.060757702700000006,0.682474105,0.555536037,-0.04994593299999999,0.27316257600000005,-0.42335328800000005,-0.243121266,-0.12998486399999998,-0.245410606,-0.162488183,-0.42404061000000004,,200.36363636363637,1,L03_NIRS-2019-08-17_007_trial07.txt,86.0
53,721.344,0.290867066,0.01210854391,0.599265957,0.47932245,-0.1090964668,0.21345028,-0.4067039930000001,-0.238856241,-0.145836378,-0.25174644,-0.171306337,-0.43440990700000004,,200.36363636363637,1,L03_NIRS-2019-08-17_007_trial07.txt,86.0
54,722.6239999999999,0.27433765100000007,0.01574006254,0.552251158,0.45031030800000005,-0.12374341599999998,0.19506088900000002,-0.38056161299999997,-0.226107338,-0.146613554,-0.249986616,-0.16607368500000003,-0.4271505159999999,,200.36363636363637,1,L03_NIRS-2019-08-17_007_trial07.txt,86.0
55,723.9040000000001,0.27861367699999995,0.033990609500000005,0.5365888670000001,0.45483851399999997,-0.1052298322,0.19974991000000003,-0.358784818,-0.21183084700000002,-0.12740125100000002,-0.24336503699999995,-0.153230084,-0.40637896799999995,,200.36363636363637,1,L03_NIRS-2019-08-17_007_trial07.txt,86.0
56,725.184,0.303039469,0.061422599,0.5678785789999999,0.4924611789999999,-0.05073888919999999,0.227919851,-0.348296218,-0.199541836,-0.101159055,-0.23718101900000002,-0.14088863499999998,-0.384524078,,200.36363636363637,1,L03_NIRS-2019-08-17_007_trial07.txt,86.0
57,726.4639999999999,0.344611463,0.11247709000000002,0.653704727,0.5252395160000001,0.015678328669999998,0.28275075800000005,-0.34679536899999996,-0.18756645699999996,-0.078919156,-0.23551731,-0.12999118599999998,-0.364575958,,200.36363636363637,1,L03_NIRS-2019-08-17_007_trial07.txt,86.0
58,727.7439999999999,0.41249405299999997,0.18095822999999997,0.767019167,0.553547031,0.054798788499999994,0.351144362,-0.34503860699999994,-0.18248020300000004,-0.069385439,-0.23836226200000002,-0.13654296100000002,-0.356051078,,200.36363636363637,1,L03_NIRS-2019-08-17_007_trial07.txt,86.0
59,729.0240000000001,0.46451656999999996,0.232110783,0.853224522,0.572079249,0.0527686508,0.42018412400000005,-0.34053141100000006,-0.18521868700000002,-0.071720199,-0.24093602800000005,-0.16808850900000002,-0.36271154400000005,,200.36363636363637,1,L03_NIRS-2019-08-17_007_trial07.txt,86.0
60,730.304,0.509539601,0.26498713399999996,0.8942447520000002,0.6154823819999999,0.0650904179,0.480202004,-0.335230805,-0.195694667,-0.081783362,-0.24576695,-0.20718747299999998,-0.385142596,,200.36363636363637,1,L03_NIRS-2019-08-17_007_trial07.txt,86.0
61,731.584,0.522158101,0.253098453,0.8738567479999999,0.653562123,0.0593229071,0.48425972799999994,-0.33979997700000003,-0.215193544,-0.0937732801,-0.253725327,-0.24544553299999997,-0.41630743400000003,,200.36363636363637,1,L03_NIRS-2019-08-17_007_trial07.txt,86.0
62,732.8639999999999,0.517815024,0.22085034,0.837107753,0.696114125,0.034042786799999995,0.43817845899999996,-0.355723431,-0.235210951,-0.09909354020000001,-0.253387641,-0.276258931,-0.4502182660000001,,200.36363636363637,1,L03_NIRS-2019-08-17_007_trial07.txt,86.0
63,734.144,0.4998366419999999,0.20145543900000001,0.835716995,0.758116279,0.0358516824,0.425774561,-0.37312885100000004,-0.241943627,-0.0949402132,-0.240394665,-0.294538027,-0.475544166,,200.36363636363637,1,L03_NIRS-2019-08-17_007_trial07.txt,86.0
64,735.424,0.493332208,0.21046521,0.869457817,0.8295683610000001,0.0886658409,0.47906828500000004,-0.3763105,-0.22914545,-0.08420555299999999,-0.22354644599999998,-0.297557541,-0.48758673,,200.36363636363637,1,L03_NIRS-2019-08-17_007_trial07.txt,86.0
65,736.704,0.46762775,0.186647827,0.8520312029999999,0.818292048,0.130794625,0.49576739999999997,-0.36836349100000004,-0.21839904599999999,-0.08240975179999999,-0.22095046100000001,-0.28765465999999995,-0.49931716800000003,,200.36363636363637,1,L03_NIRS-2019-08-17_007_trial07.txt,86.0
66,737.984,0.4055082179999999,0.07263270083,0.68449162,0.7450224649999999,0.15374135699999997,0.472198709,-0.36601591899999997,-0.24770995199999998,-0.13800296799999998,-0.24069249199999998,-0.278656385,-0.51296004,,200.36363636363637,1,L03_NIRS-2019-08-17_007_trial07.txt,86.0
67,738.8159999999999,0.31166366666666667,-0.07926995066666667,0.5017080700000001,0.60321214,0.116133943,0.3717510766666667,-0.36737708666666663,-0.28350785,-0.18216529,-0.26767152,-0.2646205366666667,-0.52929686,,200.36363636363637,1,L03_NIRS-2019-08-17_007_trial07.txt,86.0
