,time,S1_D2_HbO,S1_D1_HbO,S2_D2_HbO,S3_D4_HbO,S3_D3_HbO,S2_D3_HbO,S1_D2_HbR,S1_D1_HbR,S2_D2_HbR,S3_D4_HbR,S3_D3_HbR,S2_D3_HbR,Var14,score,labelnum,filename,total_time
0,314.432,-0.558033792,-0.57318514,-0.446049176,-0.676438847,-0.281667943,-0.66254284,0.0946312661,0.442938018,0.0929896996,0.314413646,0.155409666,0.043702938499999996,,235.78787878787878,1,L11_NIRS-2019-08-26_002_trial04.txt,43.0
1,315.71200000000005,-0.688046453,-0.7177702250000001,-0.713515625,-0.736062518,-0.355487553,-0.8079081130000001,0.118448815,0.46726499499999996,0.0718289008,0.352323251,0.16390672300000003,0.0122298985,,235.78787878787878,1,L11_NIRS-2019-08-26_002_trial04.txt,43.0
2,316.992,-0.7568036119999999,-0.8165084979999999,-0.891102386,-0.7809243529999998,-0.401082928,-0.9035129289999999,0.143104835,0.47795608700000003,0.0720362011,0.380349972,0.190020511,0.00849213012,,235.78787878787878,1,L11_NIRS-2019-08-26_002_trial04.txt,43.0
3,318.27200000000005,-0.751802136,-0.8596973509999998,-0.967270375,-0.8348394450000001,-0.418237348,-0.953097491,0.164788397,0.48293159599999996,0.09577248520000001,0.38995332099999996,0.222945848,0.0314885245,,235.78787878787878,1,L11_NIRS-2019-08-26_002_trial04.txt,43.0
4,319.552,-0.6775459549999999,-0.8218268459999999,-0.917028657,-0.859865903,-0.391011258,-0.936272271,0.18470883,0.4964871659999999,0.146144517,0.39458244200000003,0.254597215,0.07520609589999999,,235.78787878787878,1,L11_NIRS-2019-08-26_002_trial04.txt,43.0
5,320.832,-0.5786892889999999,-0.7495318500000001,-0.8081793690000001,-0.8253951730000001,-0.32242501300000004,-0.8756342500000001,0.205540613,0.5223810440000001,0.21093938799999998,0.415450639,0.283793168,0.126144508,,235.78787878787878,1,L11_NIRS-2019-08-26_002_trial04.txt,43.0
6,322.112,-0.5186288539999999,-0.672930064,-0.7273884690000001,-0.7512471460000001,-0.233432687,-0.7995101609999999,0.22851675999999999,0.570406317,0.271873437,0.45105470700000005,0.311032682,0.17309606900000002,,235.78787878787878,1,L11_NIRS-2019-08-26_002_trial04.txt,43.0
7,323.39199999999994,-0.544397621,-0.678695852,-0.778697133,-0.708005993,-0.20080359000000003,-0.772017716,0.252774958,0.6204083420000001,0.314034657,0.48769305100000004,0.329907867,0.20688555099999997,,235.78787878787878,1,L11_NIRS-2019-08-26_002_trial04.txt,43.0
8,324.672,-0.6059355689999999,-0.717351278,-0.896855257,-0.7180669680000001,-0.232221176,-0.7858918160000001,0.2754076689999999,0.664157176,0.337134896,0.511340734,0.33696043800000003,0.22556924500000003,,235.78787878787878,1,L11_NIRS-2019-08-26_002_trial04.txt,43.0
9,325.95199999999994,-0.6907940770000001,-0.795686479,-1.041135995,-0.8142344539999999,-0.331274333,-0.8381019289999999,0.29797305900000004,0.6960117419999999,0.3480799950000001,0.510317677,0.33010633,0.232401355,,235.78787878787878,1,L11_NIRS-2019-08-26_002_trial04.txt,43.0
10,327.23199999999997,-0.7476165289999999,-0.899672736,-1.15479754,-0.918551122,-0.43157032700000003,-0.8879545759999999,0.319343277,0.713199251,0.352589972,0.491724286,0.315333239,0.23236222499999998,,235.78787878787878,1,L11_NIRS-2019-08-26_002_trial04.txt,43.0
11,328.51200000000006,-0.763447457,-0.978380957,-1.20944492,-0.950028191,-0.4652920720000001,-0.8964025889999998,0.336582555,0.7164811440000001,0.35652328,0.4706367450000001,0.304236008,0.233150812,,235.78787878787878,1,L11_NIRS-2019-08-26_002_trial04.txt,43.0
12,329.79200000000003,-0.75598382,-1.03214794,-1.2415604,-0.931842147,-0.44022950299999997,-0.8755247419999999,0.345691782,0.7085900300000001,0.35063596500000005,0.45030343500000003,0.29822753,0.231830786,,235.78787878787878,1,L11_NIRS-2019-08-26_002_trial04.txt,43.0
13,331.072,-0.764806905,-1.0673548099999999,-1.2714440599999999,-0.8867076669999999,-0.406814055,-0.864819267,0.34913603200000004,0.716287355,0.348853574,0.442387598,0.298601679,0.23410953400000004,,235.78787878787878,1,L11_NIRS-2019-08-26_002_trial04.txt,43.0
14,332.352,-0.758412341,-1.06568033,-1.24680634,-0.7836697530000001,-0.39809795800000003,-0.8626286729999999,0.35318088,0.758636413,0.36316731100000005,0.46304118799999994,0.305380388,0.242845425,,235.78787878787878,1,L11_NIRS-2019-08-26_002_trial04.txt,43.0
15,333.632,-0.713123794,-1.004824355,-1.1341543699999999,-0.658586928,-0.401346255,-0.8258972940000001,0.357931768,0.8149652490000001,0.39083194499999996,0.49700665,0.31167854400000006,0.256771784,,235.78787878787878,1,L11_NIRS-2019-08-26_002_trial04.txt,43.0
16,334.912,-0.647117697,-0.892708474,-0.972690765,-0.527693677,-0.40290510199999996,-0.778379077,0.36196112899999994,0.8664584960000001,0.41874669100000006,0.536969569,0.31365575300000004,0.261942735,,235.78787878787878,1,L11_NIRS-2019-08-26_002_trial04.txt,43.0
17,336.192,-0.606422774,-0.8170620710000002,-0.908004405,-0.37432864899999996,-0.40187826299999996,-0.749311509,0.356436031,0.884086842,0.42736281699999995,0.583562717,0.308176138,0.255933695,,235.78787878787878,1,L11_NIRS-2019-08-26_002_trial04.txt,43.0
18,337.47200000000004,-0.5845011069999999,-0.7975238290000001,-0.9563189769999999,-0.21221342299999998,-0.37077895299999997,-0.728101763,0.33226986500000005,0.840814423,0.41189379800000003,0.6212112349999999,0.301732752,0.24425417200000005,,235.78787878787878,1,L11_NIRS-2019-08-26_002_trial04.txt,43.0
19,338.752,-0.5702320700000001,-0.836579596,-1.0642757900000002,-0.09648177139999999,-0.328606106,-0.695907629,0.29236561,0.7497704319999999,0.376315732,0.633159614,0.29566660999999994,0.23130653799999998,,235.78787878787878,1,L11_NIRS-2019-08-26_002_trial04.txt,43.0
20,340.03200000000004,-0.6083361720000001,-0.986726969,-1.2436127300000002,-0.09505450800000001,-0.33652933999999995,-0.6952900439999999,0.25004207300000003,0.6543273729999999,0.33519757,0.612332793,0.28440607,0.21755202899999998,,235.78787878787878,1,L11_NIRS-2019-08-26_002_trial04.txt,43.0
21,341.312,-0.6723311479999999,-1.18751472,-1.40935514,-0.09162161109999999,-0.369249494,-0.719465313,0.21913921800000002,0.608049287,0.2968920970000001,0.5916862820000001,0.27480118400000003,0.197704645,,235.78787878787878,1,L11_NIRS-2019-08-26_002_trial04.txt,43.0
22,342.592,-0.7604937580000002,-1.3922773000000004,-1.54546054,-0.135597534,-0.421121019,-0.7471794989999999,0.201769504,0.60455036,0.25394725,0.5555008220000001,0.256897144,0.166998705,,235.78787878787878,1,L11_NIRS-2019-08-26_002_trial04.txt,43.0
23,343.87199999999996,-0.828425009,-1.49161003,-1.5771378900000002,-0.192616811,-0.42994666800000003,-0.7629756019999999,0.196164266,0.633964919,0.21286325700000003,0.5076907050000001,0.238943834,0.1256443,,235.78787878787878,1,L11_NIRS-2019-08-26_002_trial04.txt,43.0
24,345.152,-0.8576788189999999,-1.48306235,-1.5319961999999998,-0.22705522400000003,-0.37592216800000006,-0.7470940730000001,0.19261718,0.658092229,0.18137961799999996,0.45553863399999994,0.225880137,0.0899825169,,235.78787878787878,1,L11_NIRS-2019-08-26_002_trial04.txt,43.0
25,346.432,-0.80499186,-1.37153603,-1.3985035499999998,-0.23614922700000002,-0.251400064,-0.683569192,0.18349102,0.652596897,0.16328006700000003,0.391207468,0.21973778500000002,0.06820010189999999,,235.78787878787878,1,L11_NIRS-2019-08-26_002_trial04.txt,43.0
26,347.712,-0.673801158,-1.18166305,-1.16532919,-0.24468282800000002,-0.09606618380000001,-0.573931416,0.17044176099999997,0.6332704140000001,0.158074306,0.31135115300000005,0.214293143,0.06096082159999999,,235.78787878787878,1,L11_NIRS-2019-08-26_002_trial04.txt,43.0
27,348.992,-0.551455585,-1.0031974690000003,-0.967341716,-0.320613878,0.00380053569,-0.49257750599999994,0.160975776,0.63399583,0.15037803499999997,0.215922012,0.19542635999999997,0.0533622814,,235.78787878787878,1,L11_NIRS-2019-08-26_002_trial04.txt,43.0
28,350.27200000000005,-0.471207858,-0.8587050179999999,-0.829629827,-0.3910275329999999,0.0392119005,-0.4580266329999999,0.15950244799999996,0.6802242520000001,0.1378991,0.137986635,0.16362855299999998,0.036687328500000005,,235.78787878787878,1,L11_NIRS-2019-08-26_002_trial04.txt,43.0
29,351.552,-0.463917062,-0.7777200089999999,-0.781057433,-0.450706789,0.010455201547,-0.463470618,0.15989503200000002,0.749777684,0.11336721290000003,0.0840271514,0.11939534880000002,0.009491710020000002,,235.78787878787878,1,L11_NIRS-2019-08-26_002_trial04.txt,43.0
30,352.832,-0.5015928370000001,-0.737862623,-0.7793851330000001,-0.49792102,-0.0273355874,-0.47495575199999995,0.156208689,0.8099579699999999,0.0769856074,0.0472959267,0.07495438559999999,-0.027562379180000002,,235.78787878787878,1,L11_NIRS-2019-08-26_002_trial04.txt,43.0
31,354.112,-0.534033304,-0.692064319,-0.764887997,-0.494420709,-0.028332887,-0.458858777,0.147837603,0.828953065,0.0451790222,0.0338774404,0.04445383779999999,-0.063035017,,235.78787878787878,1,L11_NIRS-2019-08-26_002_trial04.txt,43.0
32,355.39199999999994,-0.5063836349999999,-0.5932994109999999,-0.6849622830000001,-0.42764799499999995,0.008043056639999999,-0.40114000600000005,0.13137982000000004,0.790322566,0.014881748250000002,0.0361132933,0.0265590926,-0.09193287,,235.78787878787878,1,L11_NIRS-2019-08-26_002_trial04.txt,43.0
33,356.416,-0.4531055133333333,-0.4650951383333333,-0.5786495383333333,-0.3604818033333333,0.051505700999999994,-0.34757068166666666,0.1042246615,0.7242280683333333,-0.013242133666666668,0.03620076283333334,0.020050982999999998,-0.11244227666666666,,235.78787878787878,1,L11_NIRS-2019-08-26_002_trial04.txt,43.0
