,time,S1_D2_HbO,S1_D1_HbO,S2_D2_HbO,S3_D4_HbO,S3_D3_HbO,S2_D3_HbO,S1_D2_HbR,S1_D1_HbR,S2_D2_HbR,S3_D4_HbR,S3_D3_HbR,S2_D3_HbR,Var14,score,labelnum,filename,total_time
0,476.992,-0.573544257,-0.050469170029999996,-0.778121864,0.8347851290000001,-0.6602915499999998,-0.343262326,-0.023027687199999997,-0.13184601,0.025196602500000005,0.646636668,-0.11204392299999999,-0.369443317,,243.78787878787878,1,L11_NIRS-2019-08-30_003_trial07.txt,35.0
1,478.27199999999993,-0.564887372,-0.250671423,-0.7489501980000002,0.8454753500000001,-0.77101627,-0.4670930519999999,-0.006745760462,-0.14545333,0.0355470211,0.5853483546999999,-0.10372116039999998,-0.360678819,,243.78787878787878,1,L11_NIRS-2019-08-30_003_trial07.txt,35.0
2,479.55199999999996,-0.445880218,-0.34842241500000004,-0.61555585,0.7844088339999999,-0.700838931,-0.38233010300000003,0.016923391949999998,-0.17161918300000004,0.047843447899999995,0.552715163,-0.0791056918,-0.3428148,,243.78787878787878,1,L11_NIRS-2019-08-30_003_trial07.txt,35.0
3,480.83200000000005,-0.26180706800000003,-0.29001474,-0.4324518889999999,0.6348212699999999,-0.5058214340000001,-0.13933246408000002,0.0358397762,-0.209635107,0.056646487300000006,0.7885680340000001,-0.049254278400000004,-0.337061936,,243.78787878787878,1,L11_NIRS-2019-08-30_003_trial07.txt,35.0
4,482.1120000000001,-0.018943987069999994,-0.05826610470000001,-0.1929569761,0.981474067,-0.265868781,0.1799842311,0.0412429594,-0.253923554,0.05869022479999999,0.707944827,-0.02007967659,-0.345209711,,243.78787878787878,1,L11_NIRS-2019-08-30_003_trial07.txt,35.0
5,483.39199999999994,0.208955944,0.254114483,0.0340087771,0.7758608330000001,-0.047697511566999994,0.475001643,0.028488757200000003,-0.29397895999999996,0.0517309009,1.1412818880000002,-0.000375316221,-0.36398698399999996,,243.78787878787878,1,L11_NIRS-2019-08-30_003_trial07.txt,35.0
6,484.672,0.330127376,0.48909723000000005,0.149437296,0.2740085197,0.10463335730000001,0.6883562409999999,0.0019603798750000003,-0.33148395599999997,0.029306983400000004,1.9571144600000001,-0.0008653302448,-0.403695251,,243.78787878787878,1,L11_NIRS-2019-08-30_003_trial07.txt,35.0
7,485.95199999999994,0.28296875899999996,0.51612565,0.08443197560000001,0.17818291410000003,0.15882443500000004,0.749317645,-0.0335550604,-0.365641649,-0.009526859750000002,1.86251276,-0.01886143341,-0.44389319699999996,,243.78787878787878,1,L11_NIRS-2019-08-30_003_trial07.txt,35.0
8,487.23199999999997,0.12026411649999999,0.37302647099999997,-0.10940751060000001,0.32440058299999996,0.11915129180000002,0.659924519,-0.06762257349999999,-0.393810855,-0.0548853154,1.47717593,-0.0499740722,-0.4765292280000001,,243.78787878787878,1,L11_NIRS-2019-08-30_003_trial07.txt,35.0
9,488.512,-0.05396223655,0.15483936320000002,-0.30490743500000006,0.41860372999999995,0.0015543067999999973,0.487468334,-0.0906603044,-0.413016759,-0.09303395310000001,0.9804515629999999,-0.07817917460000001,-0.499287745,,243.78787878787878,1,L11_NIRS-2019-08-30_003_trial07.txt,35.0
10,489.7920000000001,-0.152950971,-0.0575129982,-0.392100601,0.4403651170000001,-0.1370335753,0.31130765400000004,-0.0997723011,-0.424252965,-0.11485918400000002,0.590761187,-0.1050434343,-0.507505602,,243.78787878787878,1,L11_NIRS-2019-08-30_003_trial07.txt,35.0
11,491.072,-0.13017625719999998,-0.20388846700000002,-0.31674979700000006,0.594091988,-0.221116037,0.23141529200000002,-0.09761882270000002,-0.443212981,-0.11829359700000001,0.551773369,-0.11007409200000003,-0.49748779,,243.78787878787878,1,L11_NIRS-2019-08-30_003_trial07.txt,35.0
12,492.352,-0.0010970966580000005,-0.182194876,-0.11553128380000002,0.06607970690000001,-0.18376390400000003,0.308048934,-0.0973504761,-0.46613264700000007,-0.11076637100000002,1.40789741,-0.0921583167,-0.47995983,,243.78787878787878,1,L11_NIRS-2019-08-30_003_trial07.txt,35.0
13,493.63199999999995,0.13453613400000003,-0.0797417154,0.082577449994,-0.2947797819999999,-0.04817690182000001,0.489019255,-0.10374739829999999,-0.50053681,-0.10885413199999998,2.2335078000000004,-0.07312871760000002,-0.46895928,,243.78787878787878,1,L11_NIRS-2019-08-30_003_trial07.txt,35.0
14,494.912,0.21684433799999997,-0.006586878732,0.200641171,-0.38493569,0.1026354513,0.650687638,-0.11778755,-0.539523885,-0.12111591699999999,2.3482378199999996,-0.05815824509999999,-0.45627932399999993,,243.78787878787878,1,L11_NIRS-2019-08-30_003_trial07.txt,35.0
15,496.192,0.24053050700000003,0.0335283511,0.23432898399999996,-0.049950617419999996,0.173580905,0.6964716020000001,-0.14004275000000005,-0.5636932299999999,-0.143833773,2.07376548,-0.051630887400000006,-0.442612809,,243.78787878787878,1,L11_NIRS-2019-08-30_003_trial07.txt,35.0
16,497.4719999999999,0.236195457,0.0701377066,0.223712942,-0.2051405721,0.1365615832,0.620095401,-0.16346191000000002,-0.5570338209999999,-0.16389713299999997,2.3143086599999996,-0.051084061699999996,-0.4229820080000001,,243.78787878787878,1,L11_NIRS-2019-08-30_003_trial07.txt,35.0
17,498.75200000000007,0.21928120099999998,0.048388417200000006,0.20457843600000003,0.14351070593999998,0.043814732819999994,0.4955632,-0.18168964999999998,-0.5420194329999999,-0.18557743,1.6853515300000002,-0.0613421632,-0.394260829,,243.78787878787878,1,L11_NIRS-2019-08-30_003_trial07.txt,35.0
18,500.032,0.186217283,-0.02524231288,0.190217138,0.387630418,-0.02056451227,0.413455727,-0.19969878699999996,-0.5354275960000001,-0.20706542100000003,1.3972812100000003,-0.0779861043,-0.361694803,,243.78787878787878,1,L11_NIRS-2019-08-30_003_trial07.txt,35.0
19,501.312,0.192236434,-0.041120029999999995,0.21883104600000003,0.179181396609,-0.004597221594999999,0.4377578219999999,-0.21879437300000001,-0.541521668,-0.22682512400000002,1.5189157400000002,-0.0822050286,-0.33553213499999995,,243.78787878787878,1,L11_NIRS-2019-08-30_003_trial07.txt,35.0
20,502.5919999999999,0.261046723,0.0077349650500000006,0.303763861,0.44063935961,0.0998590525,0.5517224350000001,-0.23429689099999998,-0.559344645,-0.24743044900000002,1.3536815119999996,-0.0901064793,-0.31889373900000006,,243.78787878787878,1,L11_NIRS-2019-08-30_003_trial07.txt,35.0
21,503.872,0.35956056599999997,0.045267779099999995,0.417683566,1.054487404,0.23643155600000001,0.685534146,-0.24667829600000002,-0.574408882,-0.267611794,0.48073843400000005,-0.0968297131,-0.31279400200000007,,243.78787878787878,1,L11_NIRS-2019-08-30_003_trial07.txt,35.0
22,505.15200000000004,0.43581561499999993,0.0439947772,0.5072207740000001,1.5716806399999999,0.342813032,0.7711563869999999,-0.259863768,-0.5614470699999999,-0.28660452200000003,-0.03940337590000001,-0.1016370844,-0.31727812,,243.78787878787878,1,L11_NIRS-2019-08-30_003_trial07.txt,35.0
23,506.43199999999996,0.47553474200000007,0.03330225342,0.545411261,1.058937392,0.40748849400000003,0.8019852569999999,-0.271247507,-0.514632297,-0.30185868299999996,0.57970192,-0.11019457299999999,-0.331826321,,243.78787878787878,1,L11_NIRS-2019-08-30_003_trial07.txt,35.0
24,507.7120000000001,0.46432270200000003,-0.05197280531,0.523728769,1.14710329,0.42822502400000007,0.7828624200000001,-0.27441504899999997,-0.468565747,-0.318340381,0.634889362,-0.12146088600000002,-0.35366233,,243.78787878787878,1,L11_NIRS-2019-08-30_003_trial07.txt,35.0
25,508.992,0.410969419,-0.11270440000000001,0.459776967,1.6815620500000001,0.40500304699999995,0.7237945939999999,-0.284607041,-0.423931801,-0.334384166,0.22531392464,-0.150287781,-0.383409271,,243.78787878787878,1,L11_NIRS-2019-08-30_003_trial07.txt,35.0
26,510.27199999999993,0.31604146600000005,-0.127416253,0.37296564400000004,2.06058272,0.319272315,0.605833974,-0.298428438,-0.372775325,-0.337827885,-0.030403802199999986,-0.17756511900000002,-0.40539100400000005,,243.78787878787878,1,L11_NIRS-2019-08-30_003_trial07.txt,35.0
27,511.168,0.27862627500000003,-0.061085595,0.32186178249999997,2.7452844499999998,0.24328859749999998,0.51306532,-0.3053842525,-0.32926327,-0.33884090499999997,-0.6892272775,-0.204612595,-0.4148926725,,243.78787878787878,1,L11_NIRS-2019-08-30_003_trial07.txt,35.0
