,time,S1_D2_HbO,S1_D1_HbO,S2_D2_HbO,S3_D4_HbO,S3_D3_HbO,S2_D3_HbO,S1_D2_HbR,S1_D1_HbR,S2_D2_HbR,S3_D4_HbR,S3_D3_HbR,S2_D3_HbR,Var14,score,labelnum,filename,total_time
0,16.704,-0.678972736,-1.12828348,0.994004213,5.91404205,0.8550550400000001,-0.54043189,-0.7838882060000001,-0.423360823,-0.172140429,7.6706433,-0.36864379999999997,-0.815873015,,219.63636363636363,1,L11_NIRS-2019-09-01_003_trial01.txt,44.0
1,17.984,-0.776527637,-1.2946696599999998,0.799545597,5.79456554,0.669188185,-0.709015306,-0.7564118989999999,-0.404040683,-0.16277869900000003,7.64011109,-0.36346871599999997,-0.8127529649999999,,219.63636363636363,1,L11_NIRS-2019-09-01_003_trial01.txt,44.0
2,19.264,-0.8208581199999999,-1.3898116699999998,0.695141399,5.72980766,0.5760893450000001,-0.802579725,-0.7270065139999999,-0.37041494700000005,-0.141547619,7.596619370000001,-0.33904696199999995,-0.7932802559999999,,219.63636363636363,1,L11_NIRS-2019-09-01_003_trial01.txt,44.0
3,20.544,-0.8256771219999999,-1.46502883,0.665807308,5.66411712,0.5635087839999999,-0.8227411020000002,-0.689835127,-0.33408259,-0.0995174147,7.59338178,-0.29270131099999996,-0.7535209569999999,,219.63636363636363,1,L11_NIRS-2019-09-01_003_trial01.txt,44.0
4,21.824,-0.8048615029999999,-1.51046429,0.7000705629999999,5.66003335,0.618760698,-0.797856519,-0.64771212,-0.297988006,-0.03846419788,7.61122285,-0.23161980499999996,-0.685363812,,219.63636363636363,1,L11_NIRS-2019-09-01_003_trial01.txt,44.0
5,23.104,-0.763880347,-1.5023556100000002,0.7548952019999999,5.7125663200000005,0.7393687979999999,-0.761726564,-0.608249907,-0.26763514900000007,0.030054793364,7.62282046,-0.180531499,-0.609353384,,219.63636363636363,1,L11_NIRS-2019-09-01_003_trial01.txt,44.0
6,24.384,-0.7269911920000001,-1.48050496,0.7904521250000001,5.719606570000001,0.848524476,-0.7453830560000001,-0.579777046,-0.247187438,0.0784307336,7.65510808,-0.129451273,-0.549948011,,219.63636363636363,1,L11_NIRS-2019-09-01_003_trial01.txt,44.0
7,25.663999999999998,-0.690959572,-1.4568886600000002,0.8058903789999998,5.72196089,0.9042465669999998,-0.737352052,-0.551010499,-0.22069060899999998,0.116560793,7.663292340000001,-0.08004525609999999,-0.50453514,,219.63636363636363,1,L11_NIRS-2019-09-01_003_trial01.txt,44.0
8,26.944,-0.6809595410000001,-1.4580180600000001,0.800771499,5.74147828,0.91160327,-0.74334681,-0.525416657,-0.197706563,0.148158549,7.64668582,-0.041332873799999996,-0.46748104400000007,,219.63636363636363,1,L11_NIRS-2019-09-01_003_trial01.txt,44.0
9,28.224,-0.712998329,-1.50285247,0.75732165,5.7182830099999995,0.8582135080000001,-0.788994804,-0.503311921,-0.177847785,0.16939116199999998,7.646919800000001,-0.015178500360000003,-0.439729772,,219.63636363636363,1,L11_NIRS-2019-09-01_003_trial01.txt,44.0
10,29.504,-0.7742888950000001,-1.58745921,0.660830394,5.625440230000001,0.729269214,-0.895188138,-0.480649464,-0.15982449199999998,0.195199391,7.69333074,0.00893925245,-0.418181531,,219.63636363636363,1,L11_NIRS-2019-09-01_003_trial01.txt,44.0
11,30.784000000000002,-0.8406727569999999,-1.6821906899999999,0.534772697,5.519706529999999,0.562510242,-1.0497880800000001,-0.45215495800000005,-0.13560540599999998,0.229250302,7.752237410000001,0.046772475599999995,-0.392301255,,219.63636363636363,1,L11_NIRS-2019-09-01_003_trial01.txt,44.0
12,32.064,-0.9159640159999999,-1.74079176,0.437126188,5.3085103600000005,0.43197039700000006,-1.16222533,-0.44278509499999996,-0.11809654900000002,0.257692486,7.75041521,0.10343685629999999,-0.354219082,,219.63636363636363,1,L11_NIRS-2019-09-01_003_trial01.txt,44.0
13,33.344,-0.9744436860000001,-1.77403984,0.38400161099999996,5.10292929,0.322651646,-1.21315587,-0.431793637,-0.10643317189999998,0.28691229199999996,7.73964311,0.158772139,-0.31268242599999996,,219.63636363636363,1,L11_NIRS-2019-09-01_003_trial01.txt,44.0
14,34.624,-0.98379608,-1.76213122,0.401298515,5.00864145,0.273468584,-1.19015936,-0.40686753099999995,-0.0918544982,0.31719163399999994,7.724229490000001,0.20771308399999996,-0.267003408,,219.63636363636363,1,L11_NIRS-2019-09-01_003_trial01.txt,44.0
15,35.904,-0.9681804759999999,-1.7406548999999998,0.46306479899999997,5.013059409999999,0.29179757500000003,-1.12945823,-0.376071332,-0.08745045909999999,0.350668977,7.725893760000001,0.238345539,-0.218040701,,219.63636363636363,1,L11_NIRS-2019-09-01_003_trial01.txt,44.0
16,37.184,-0.9364947530000001,-1.7044166699999999,0.536041443,5.125001060000001,0.36350877600000003,-1.07427377,-0.342882544,-0.0874533034,0.37973240500000005,7.724597040000001,0.26096400399999997,-0.17399405799999998,,219.63636363636363,1,L11_NIRS-2019-09-01_003_trial01.txt,44.0
17,38.464,-0.9021119390000001,-1.6724956099999997,0.571976554,5.267805920000001,0.42953066500000003,-1.05995112,-0.318349262,-0.09233691769999999,0.40915012900000003,7.778618589999999,0.26583846299999997,-0.14126778699999998,,219.63636363636363,1,L11_NIRS-2019-09-01_003_trial01.txt,44.0
18,39.744,-0.881972198,-1.65811319,0.552967983,5.42761435,0.45579202900000004,-1.10391107,-0.304177788,-0.0969449636,0.42942493200000004,7.82038984,0.269160958,-0.11857378299999999,,219.63636363636363,1,L11_NIRS-2019-09-01_003_trial01.txt,44.0
19,41.024,-0.9228991329999999,-1.68986614,0.4718500229999999,5.411136850000001,0.423267336,-1.1862182000000001,-0.316002233,-0.10728940000000001,0.43372338499999996,7.815719509999999,0.284807947,-0.0937749659,,219.63636363636363,1,L11_NIRS-2019-09-01_003_trial01.txt,44.0
20,42.304,-1.006554272,-1.7922922,0.32471631500000003,5.2845960100000005,0.297393951,-1.3183425199999999,-0.320481626,-0.114229999,0.432345396,7.801766680000002,0.29977830899999997,-0.08342981680000001,,219.63636363636363,1,L11_NIRS-2019-09-01_003_trial01.txt,44.0
21,43.584,-1.0932574899999998,-1.9183727100000003,0.1525339964,5.1201155499999995,0.1344843757,-1.4748039600000002,-0.31466286,-0.11366848199999999,0.43086930199999995,7.799702370000001,0.312336826,-0.0786962993,,219.63636363636363,1,L11_NIRS-2019-09-01_003_trial01.txt,44.0
22,44.86399999999999,-1.17552381,-2.0462880300000004,-0.01603707654,4.939387299999999,-0.02659473148,-1.62845175,-0.29658615200000005,-0.1045817996,0.44084596400000003,7.812485579999999,0.32783731400000005,-0.0666936175,,219.63636363636363,1,L11_NIRS-2019-09-01_003_trial01.txt,44.0
23,46.14399999999999,-1.20248819,-2.0949030800000004,-0.1141852455,4.85483863,-0.1034984589,-1.71401085,-0.26522491600000003,-0.08764312040000001,0.467868876,7.835079870000001,0.353909781,-0.0522976262,,219.63636363636363,1,L11_NIRS-2019-09-01_003_trial01.txt,44.0
24,47.42399999999999,-1.171338,-2.0677237999999996,-0.127919432,4.822773069999999,-0.11325558499999999,-1.7266104599999998,-0.23698243400000002,-0.07332711459999999,0.49621856099999995,7.87349758,0.38536134499999997,-0.0404511212,,219.63636363636363,1,L11_NIRS-2019-09-01_003_trial01.txt,44.0
25,48.70399999999999,-1.10460487,-1.9642245299999996,-0.05679566842,4.88579036,-0.08525909849999999,-1.66406658,-0.218624805,-0.0607646793,0.517080662,7.875137910000001,0.42205634,-0.0337671931,,219.63636363636363,1,L11_NIRS-2019-09-01_003_trial01.txt,44.0
26,49.983999999999995,-1.023048468,-1.8283795,0.06610112002999999,4.98264961,-0.03515146079999999,-1.5668239400000001,-0.20999158599999998,-0.0486598405,0.537126607,7.89698245,0.4488490990000001,-0.023281255100000002,,219.63636363636363,1,L11_NIRS-2019-09-01_003_trial01.txt,44.0
27,51.263999999999996,-0.9626057050000002,-1.7181860399999997,0.186040979,5.07467282,0.01695916356,-1.4846092800000001,-0.21019955699999998,-0.0395672605,0.543493664,7.892558510000001,0.46530551299999995,-0.020560127299999998,,219.63636363636363,1,L11_NIRS-2019-09-01_003_trial01.txt,44.0
28,52.544,-0.924690354,-1.6439216899999998,0.27954634400000006,5.1339215099999995,0.047084276800000005,-1.4343214800000001,-0.21571510600000005,-0.027282785900000002,0.53020914,7.905893430000001,0.47564615100000013,-0.0315596271,,219.63636363636363,1,L11_NIRS-2019-09-01_003_trial01.txt,44.0
29,53.824,-0.9271603579999999,-1.63569393,0.30823602499999997,5.15190029,0.042138492799999996,-1.4358031799999997,-0.220036027,-0.014725363299999999,0.5157212330000001,7.926477319999999,0.47466814599999996,-0.0396952046,,219.63636363636363,1,L11_NIRS-2019-09-01_003_trial01.txt,44.0
30,55.104,-0.936157892,-1.65125497,0.303870305,5.182193369999999,0.04946086749999999,-1.4506134899999998,-0.21837737200000001,-0.007189525699999999,0.5062582769999999,7.943213669999999,0.463615522,-0.045746181799999994,,219.63636363636363,1,L11_NIRS-2019-09-01_003_trial01.txt,44.0
31,56.384,-0.9370430840000001,-1.6932415300000003,0.27522871399999993,5.29947197,0.05183166809999999,-1.48425228,-0.221269473,-0.00420569321,0.49389621899999997,7.8439394899999995,0.452563916,-0.05427841120000001,,219.63636363636363,1,L11_NIRS-2019-09-01_003_trial01.txt,44.0
32,57.664,-0.9686108900000001,-1.73936983,0.24742373200000004,5.437056460000001,0.052588565399999995,-1.50933368,-0.208842383,-0.00814520596,0.48286121800000004,7.70612884,0.465896098,-0.0532088856,,219.63636363636363,1,L11_NIRS-2019-09-01_003_trial01.txt,44.0
33,58.944,-0.992726216,-1.76481155,0.26054137299999997,5.2611513,0.0766631163,-1.51094667,-0.20244727099999998,-0.0138284752,0.48868913999999997,7.679539579999999,0.49558702299999996,-0.038374955,,219.63636363636363,1,L11_NIRS-2019-09-01_003_trial01.txt,44.0
34,60.16,-1.0085467333333333,-1.712077688888889,0.28072667777777777,5.050238466666666,0.12737109933333335,-1.4934332777777777,-0.2117797688888889,0.011047906055555556,0.48299706,7.720997933333333,0.49080760444444455,-0.013620731766666668,,219.63636363636363,1,L11_NIRS-2019-09-01_003_trial01.txt,44.0
