,time,S1_D2_HbO,S1_D1_HbO,S2_D2_HbO,S3_D4_HbO,S3_D3_HbO,S2_D3_HbO,S1_D2_HbR,S1_D1_HbR,S2_D2_HbR,S3_D4_HbR,S3_D3_HbR,S2_D3_HbR,Var14,score,labelnum,filename,total_time
0,435.776,-0.1515004622,-0.9160126879999998,0.16546422340000003,-0.672161705,0.2090701842,0.611294469,0.23629379999999997,0.262523862,0.5706696059999999,0.250686334,0.31666883700000004,0.43643699199999997,,227.8181818181818,1,L18_NIRS-2019-08-24_001_trial05.txt,54.0
1,437.0559999999999,0.30741388199999997,0.003581072300000021,0.7881146080000001,0.16006021625,0.7802075980000001,1.2678948300000001,0.26490336,0.454705405,0.6872918899999999,0.358685786,0.382976575,0.499631649,,227.8181818181818,1,L18_NIRS-2019-08-24_001_trial05.txt,54.0
2,438.33599999999996,0.484904114,0.5910836799999999,1.05864725,0.5327766850000001,1.014343524,1.62403176,0.24662153199999995,0.564954422,0.6505653189999999,0.40560498100000003,0.39066006799999997,0.49187234599999996,,227.8181818181818,1,L18_NIRS-2019-08-24_001_trial05.txt,54.0
3,439.616,0.385107745,0.708083907,0.968117305,0.482850529,0.9194470429999999,1.5846960300000001,0.21028734100000004,0.5589275619999998,0.526022779,0.370826054,0.34666415400000006,0.43581855,,227.8181818181818,1,L18_NIRS-2019-08-24_001_trial05.txt,54.0
4,440.896,0.25562397400000003,0.6000312369999999,0.8403364960000002,0.305365492,0.7730710879999999,1.4339917400000002,0.17478307399999998,0.501531637,0.402330477,0.319901997,0.29437614599999995,0.379290254,,227.8181818181818,1,L18_NIRS-2019-08-24_001_trial05.txt,54.0
5,442.17600000000004,0.23150345800000002,0.55265904,0.8329403729999999,0.251980197,0.735342078,1.40263373,0.16856182,0.46912258400000006,0.381671155,0.303466932,0.273917463,0.36099187,,227.8181818181818,1,L18_NIRS-2019-08-24_001_trial05.txt,54.0
6,443.45599999999996,0.321322896,0.625048935,0.971761931,0.363693379,0.8157620120000001,1.49053663,0.17260929900000002,0.48046393500000006,0.39568014399999996,0.3196351679999999,0.27332410500000004,0.35407709400000004,,227.8181818181818,1,L18_NIRS-2019-08-24_001_trial05.txt,54.0
7,444.73600000000005,0.432142262,0.786522945,1.08071447,0.589055198,0.9730835110000001,1.64369014,0.19620418,0.5283755440000001,0.47765914899999995,0.34923086400000003,0.281131801,0.346330551,,227.8181818181818,1,L18_NIRS-2019-08-24_001_trial05.txt,54.0
8,446.01599999999996,0.511058948,0.955882525,1.13367066,0.823850492,1.1471658100000002,1.7975318400000002,0.2345654,0.593641744,0.6082459189999999,0.387601273,0.287317111,0.331063186,,227.8181818181818,1,L18_NIRS-2019-08-24_001_trial05.txt,54.0
9,447.296,0.572834468,1.12701287,1.31219289,1.040565174,1.3002364,1.9348764200000002,0.279552556,0.668296848,0.6053836039999999,0.43426239199999994,0.294714325,0.32112402999999995,,227.8181818181818,1,L18_NIRS-2019-08-24_001_trial05.txt,54.0
10,448.576,0.582154925,1.2263297300000002,1.35583262,1.12264045,1.39179144,2.03686377,0.31509025,0.7476704769999999,0.592822841,0.479838642,0.311423624,0.327581181,,227.8181818181818,1,L18_NIRS-2019-08-24_001_trial05.txt,54.0
11,449.85600000000005,0.5211473160000001,1.2128468399999999,1.28129663,1.056726399,1.38154733,1.99963467,0.339001289,0.818623642,0.533603066,0.508815445,0.320169586,0.34500703,,227.8181818181818,1,L18_NIRS-2019-08-24_001_trial05.txt,54.0
12,451.13599999999997,0.367622561,1.0054733949999999,1.02909695,0.7800020459999999,1.2359901100000001,1.8094120699999998,0.36537383399999995,0.853159164,0.5124851099999999,0.518609904,0.317257889,0.337550352,,227.8181818181818,1,L18_NIRS-2019-08-24_001_trial05.txt,54.0
13,452.416,0.12920189151,0.531729577,0.623994264,0.28543520569999997,0.9241533909999999,1.37747244,0.383495005,0.8350371200000002,0.42574497199999994,0.49679829,0.294012613,0.298987608,,227.8181818181818,1,L18_NIRS-2019-08-24_001_trial05.txt,54.0
14,453.696,-0.14550186980000002,-0.1105380137,0.17720382909000001,-0.2719909851,0.558034928,0.877635268,0.436854571,0.7968486400000001,0.33852302700000003,0.46540118899999994,0.276856127,0.257208819,,227.8181818181818,1,L18_NIRS-2019-08-24_001_trial05.txt,54.0
15,454.97599999999994,-0.33064161400000003,-0.6800844140000001,-0.112751619,-0.667330649,0.31235073399999996,0.5431906049999999,0.525041023,0.794833075,0.385957211,0.47369272,0.299124646,0.27351724899999996,,227.8181818181818,1,L18_NIRS-2019-08-24_001_trial05.txt,54.0
16,456.25600000000003,-0.337808356,-0.9558516340000001,-0.06604278755,-0.701384342,0.301657875,0.483953351,0.629759779,0.8580119500000001,0.470117736,0.549099632,0.378440269,0.37670341000000007,,227.8181818181818,1,L18_NIRS-2019-08-24_001_trial05.txt,54.0
17,457.53600000000006,-0.21285910600000002,-0.914987863,0.11746852520000002,-0.45216364500000006,0.49048355899999996,0.658727867,0.725291503,0.9758444949999999,0.6464081939999999,0.667905938,0.5021957159999999,0.531461898,,227.8181818181818,1,L18_NIRS-2019-08-24_001_trial05.txt,54.0
18,458.816,-0.0772934084,-0.7013997590000001,0.265359904,-0.1381523473,0.673735513,0.809958567,0.788201302,1.09197601,0.768240383,0.7585735499999999,0.614001206,0.682302985,,227.8181818181818,1,L18_NIRS-2019-08-24_001_trial05.txt,54.0
19,460.0960000000001,-0.045245558100000006,-0.5277150030000002,0.20492795560000002,-0.027125593930000004,0.684916076,0.7693409210000001,0.799906926,1.1555246000000001,0.8650680059999999,0.7843441600000001,0.674255564,0.7809634429999999,,227.8181818181818,1,L18_NIRS-2019-08-24_001_trial05.txt,54.0
20,461.37600000000003,-0.1802218939,-0.619198871,-0.08398321795,-0.2513885524,0.43124106100000004,0.427998512,0.732830682,1.11634046,0.807969791,0.730826614,0.659621059,0.8039653730000001,,227.8181818181818,1,L18_NIRS-2019-08-24_001_trial05.txt,54.0
21,462.65599999999995,-0.47148376699999994,-1.0270581440000002,-0.524997758,-0.7652620160000001,-0.02494920277,-0.12220868160000001,0.650917877,0.979221591,0.637991905,0.615207633,0.5927576030000001,0.7646990939999999,,227.8181818181818,1,L18_NIRS-2019-08-24_001_trial05.txt,54.0
22,463.936,-0.7414608920000001,-1.6170428099999998,-1.00169383,-1.32433409,-0.475488862,-0.674331594,0.569803177,0.7849770490000001,0.525501778,0.48128863000000005,0.509974851,0.6999073859999999,,227.8181818181818,1,L18_NIRS-2019-08-24_001_trial05.txt,54.0
23,465.21600000000007,-0.807300798,-2.0781922,-1.1491030300000002,-1.6033221000000002,-0.6709226989999999,-0.960046631,0.5142408709999999,0.603953373,0.45334775499999996,0.389721088,0.460335623,0.664720415,,227.8181818181818,1,L18_NIRS-2019-08-24_001_trial05.txt,54.0
24,466.496,-0.581199578,-2.09513331,-0.8242946809999999,-1.3169765900000001,-0.43877836800000003,-0.76609301,0.5034615579999999,0.5121275350000001,0.44056182800000004,0.37938783200000004,0.463786303,0.6501328110000001,,227.8181818181818,1,L18_NIRS-2019-08-24_001_trial05.txt,54.0
25,467.77599999999995,-0.1740723528,-1.65758525,-0.1374355934,-0.5763983619999999,0.08544088629999999,-0.22095034356000004,0.515840284,0.5098203170000001,0.45175780099999996,0.420377958,0.501929541,0.657567616,,227.8181818181818,1,L18_NIRS-2019-08-24_001_trial05.txt,54.0
26,469.0559999999999,0.2218725048,-1.0098073070000002,0.444928758,0.1987875372,0.6157198100000001,0.379530675,0.5105511810000001,0.555781605,0.546487828,0.462766621,0.52119914,0.64044665,,227.8181818181818,1,L18_NIRS-2019-08-24_001_trial05.txt,54.0
27,470.33599999999996,0.43709103000000005,-0.499591437,0.7570466680000001,0.6060963399999999,0.871289958,0.705474951,0.4551140919999999,0.569502355,0.4741661039999999,0.45946590699999995,0.48541089400000004,0.5478810399999999,,227.8181818181818,1,L18_NIRS-2019-08-24_001_trial05.txt,54.0
28,471.616,0.40182980299999993,-0.322268764,0.614966465,0.5538603659999999,0.781419817,0.639490323,0.3722211839999999,0.511210969,0.385149501,0.39722303400000003,0.40398342,0.41835419200000007,,227.8181818181818,1,L18_NIRS-2019-08-24_001_trial05.txt,54.0
29,472.896,0.19578096539999998,-0.529989872,0.1653447859,0.15074756427999997,0.4360715089999999,0.26419637560000003,0.278558598,0.37285051999999996,0.270816507,0.284691779,0.295652908,0.277773559,,227.8181818181818,1,L18_NIRS-2019-08-24_001_trial05.txt,54.0
30,474.17600000000004,0.0006766449839999994,-0.907118133,-0.1722343166,-0.26088471869999996,0.1438108945,-0.07973397897,0.21217519899999998,0.21066229499999997,0.11877275030000004,0.193044073,0.21313571799999997,0.184781307,,227.8181818181818,1,L18_NIRS-2019-08-24_001_trial05.txt,54.0
31,475.456,-0.041137203229999995,-1.15745343,-0.248217248,-0.43734235200000005,0.1047244544,-0.1254177623,0.179137784,0.0985862584,0.01645091178,0.16567916,0.18580830400000004,0.138178219,,227.8181818181818,1,L18_NIRS-2019-08-24_001_trial05.txt,54.0
32,476.736,0.11737514,-1.0081239490000002,0.010705247418999999,-0.20585051589999998,0.31682267,0.09459734820000001,0.175107078,0.0734340139,0.015018948148,0.18811215200000003,0.19735153200000002,0.145074484,,227.8181818181818,1,L18_NIRS-2019-08-24_001_trial05.txt,54.0
33,478.01599999999996,0.37500888200000004,-0.550914071,0.40499858099999997,0.2651051399,0.6222881339999999,0.41963640699999993,0.17471102,0.1117377647,0.0651925045,0.21882475699999998,0.21489878899999998,0.14969978499999997,,227.8181818181818,1,L18_NIRS-2019-08-24_001_trial05.txt,54.0
34,479.296,0.571142889,-0.05804378119999999,0.624332894,0.6329222999999999,0.8233614709999999,0.648776514,0.16924218799999996,0.155227765,0.1268578968,0.22601380200000004,0.20717956499999998,0.1184270301,,227.8181818181818,1,L18_NIRS-2019-08-24_001_trial05.txt,54.0
35,480.576,0.650964267,0.300794834,0.6262199070000001,0.8066974440000001,0.86433851,0.697331279,0.160173144,0.174260746,0.21359923200000003,0.19683548899999997,0.17445714299999998,0.0663483989,,227.8181818181818,1,L18_NIRS-2019-08-24_001_trial05.txt,54.0
36,481.85599999999994,0.5920747860000001,0.39180125199999993,0.5156371909999999,0.69892829,0.8188253900000001,0.671544095,0.139204945,0.148376761,0.176719086,0.167108436,0.156752344,0.029515726100000007,,227.8181818181818,1,L18_NIRS-2019-08-24_001_trial05.txt,54.0
37,483.1360000000001,0.45199685599999995,0.18195347428,0.35428404499999994,0.399896967,0.704025652,0.5532515229999999,0.121354878,0.06304051799999999,0.06144934849999999,0.1194774385,0.14085492100000002,0.0161782062,,227.8181818181818,1,L18_NIRS-2019-08-24_001_trial05.txt,54.0
38,484.416,0.303253328,-0.24393091289999996,0.07203291046000002,0.001092059729999989,0.566950075,0.422152604,0.10058650529999999,-0.059748051319999995,-0.010127046065,0.06954771909999999,0.127622849,0.010828109039999999,,227.8181818181818,1,L18_NIRS-2019-08-24_001_trial05.txt,54.0
39,485.696,0.24168842300000004,-0.6261750660000001,-0.041596405,-0.21164920800000003,0.451383198,0.30478420100000003,0.0915964066,-0.17362532000000003,-0.0416474509,0.012021692330000002,0.10466313550000002,0.005007714093,,227.8181818181818,1,L18_NIRS-2019-08-24_001_trial05.txt,54.0
40,486.97599999999994,0.22969906199999998,-0.9265311,-0.016457820786000003,-0.21664968399999998,0.49683760899999996,0.396531944,0.07759520389999999,-0.251765275,-0.0800567153,0.00999917889,0.123585316,0.036978558,,227.8181818181818,1,L18_NIRS-2019-08-24_001_trial05.txt,54.0
41,488.25600000000003,0.200072615,-1.18892393,-0.037374014000000004,-0.15785855410000002,0.523002173,0.491752446,0.07971703159999999,-0.317780477,-0.055391770699999995,-0.001611513347,0.12751441600000002,0.0578172746,,227.8181818181818,1,L18_NIRS-2019-08-24_001_trial05.txt,54.0
42,489.28,0.18798163999999998,-1.2851828833333334,0.016060015983333335,-0.04882015566666666,0.5236825150000001,0.5076376850000001,0.09276807400000002,-0.33568947999999993,-0.052191817666666675,-0.018617896999999998,0.11825123166666666,0.06112271033333334,,227.8181818181818,1,L18_NIRS-2019-08-24_001_trial05.txt,54.0
