,time,S1_D2_HbO,S1_D1_HbO,S2_D2_HbO,S3_D4_HbO,S3_D3_HbO,S2_D3_HbO,S1_D2_HbR,S1_D1_HbR,S2_D2_HbR,S3_D4_HbR,S3_D3_HbR,S2_D3_HbR,Var14,score,labelnum,filename,total_time
0,902.7199999999999,1.5134180000000002,1.9568511699999998,2.5879599499999997,1.1472738999999996,0.6987678820000001,2.90819978,-0.046106199699999996,-0.554095494,0.032696576000000005,-0.5757230790000001,-0.217356292,0.0333110927,,247.84848484848484,1,L18_NIRS-2019-08-28_008_trial10.txt,37.0
1,904.0,1.47056226,1.88493017,2.4953624700000003,1.13574871,0.602939621,2.70438401,-0.042171440100000006,-0.564684444,0.0454832517,-0.566639183,-0.23802267800000002,0.015048001860000002,,247.84848484848484,1,L18_NIRS-2019-08-28_008_trial10.txt,37.0
2,905.2800000000001,1.3499625500000003,1.6482030400000003,2.25510186,1.013792963,0.471943133,2.37813258,-0.03787190220000001,-0.6114137100000001,0.0362067346,-0.5833064299999999,-0.270955857,-0.01702010765,,247.84848484848484,1,L18_NIRS-2019-08-28_008_trial10.txt,37.0
3,906.5599999999998,1.2202188200000001,1.4038448899999998,1.98753953,0.819724276,0.390261051,2.20412382,-0.0325202929,-0.6482274309999999,0.01434022687,-0.622853578,-0.301109545,-0.009231590713099999,,247.84848484848484,1,L18_NIRS-2019-08-28_008_trial10.txt,37.0
4,907.8399999999999,1.138972,1.22301435,1.7650213099999998,0.63215065,0.337520492,2.1594061399999998,-0.022315056899999998,-0.664023704,-0.00584564966,-0.668360895,-0.301425896,0.023376183860000004,,247.84848484848484,1,L18_NIRS-2019-08-28_008_trial10.txt,37.0
5,909.1200000000001,1.1250669800000002,1.1108400699999998,1.60417204,0.493048885,0.30394676800000003,2.170858,-0.00633309881,-0.6588260050000001,-0.026297481499999997,-0.7135982620000001,-0.289770103,0.0637056514,,247.84848484848484,1,L18_NIRS-2019-08-28_008_trial10.txt,37.0
6,910.4,1.1138899300000003,1.017232028,1.47358742,0.34971213200000006,0.20717377899999997,2.1392650000000004,0.0105823856,-0.6401542750000001,-0.0479914012,-0.758894146,-0.277264641,0.0922082071,,247.84848484848484,1,L18_NIRS-2019-08-28_008_trial10.txt,37.0
7,911.68,1.0450148430000001,0.8857577809999999,1.2832843699999998,0.11741550328000001,0.03790838996,1.92573263,0.020823871299999998,-0.620000518,-0.0693314067,-0.8043334900000001,-0.306858543,0.09299283820000001,,247.84848484848484,1,L18_NIRS-2019-08-28_008_trial10.txt,37.0
8,912.96,0.937246745,0.7064148250000001,1.044906073,-0.10797982849999999,-0.1633080248,1.54020146,0.0293757136,-0.610730886,-0.07087860080000001,-0.816727403,-0.316631326,0.06982790650000001,,247.84848484848484,1,L18_NIRS-2019-08-28_008_trial10.txt,37.0
9,914.2400000000001,0.8045359409999999,0.47906694099999997,0.791829804,-0.288069628,-0.363989078,1.071011154,0.048484618800000004,-0.611984264,-0.0460400368,-0.786224891,-0.294242877,0.034635430499999995,,247.84848484848484,1,L18_NIRS-2019-08-28_008_trial10.txt,37.0
10,915.5200000000001,0.646901403,0.1858414425,0.5277502900000001,-0.4959163409999999,-0.6159995109999998,0.570587811,0.07560574119999999,-0.621714239,-0.004319516971,-0.73930402,-0.25023562099999996,0.006059533053000001,,247.84848484848484,1,L18_NIRS-2019-08-28_008_trial10.txt,37.0
11,916.8,0.472680639,-0.13763003439,0.2576631989999999,-0.7079085560000001,-0.864262608,0.07538615221999999,0.10218092549999999,-0.6382503350000001,0.0412068201,-0.6905866740000001,-0.21464740900000004,-0.0223201474,,247.84848484848484,1,L18_NIRS-2019-08-28_008_trial10.txt,37.0
12,918.0799999999999,0.35567509199999997,-0.35873484499999997,0.0918228739,-0.7968539189999999,-0.978478223,-0.3018395850000001,0.13067768000000002,-0.640131832,0.0955513127,-0.6193588529999999,-0.174355699,-0.031949991000000004,,247.84848484848484,1,L18_NIRS-2019-08-28_008_trial10.txt,37.0
13,919.36,0.338344197,-0.41760781699999994,0.09897859469999999,-0.704692316,-0.8991564750000001,-0.45831697299999996,0.169339476,-0.618771526,0.16524283,-0.521045017,-0.12643032610000002,-0.01175747904,,247.84848484848484,1,L18_NIRS-2019-08-28_008_trial10.txt,37.0
14,920.6400000000001,0.387573136,-0.41650092499999997,0.226887573,-0.581360707,-0.755524119,-0.49385414600000005,0.208527882,-0.600892598,0.23908854199999996,-0.425409887,-0.0709801206,0.024390581919999998,,247.84848484848484,1,L18_NIRS-2019-08-28_008_trial10.txt,37.0
15,921.9199999999998,0.448746878,-0.43309805300000004,0.38634827299999996,-0.49802150100000003,-0.651669532,-0.5336328490000001,0.23853153999999996,-0.596267842,0.30174139999999994,-0.35194759099999995,-0.024599348629999997,0.044238262300000004,,247.84848484848484,1,L18_NIRS-2019-08-28_008_trial10.txt,37.0
16,923.1999999999998,0.49098858500000003,-0.4694342100000001,0.508665931,-0.45560873599999996,-0.6331570719999999,-0.6323673029999999,0.253622393,-0.601068161,0.34934180600000003,-0.302737617,0.0344849167,0.0502746176,,247.84848484848484,1,L18_NIRS-2019-08-28_008_trial10.txt,37.0
17,924.4800000000001,0.466100099,-0.5475418329999999,0.49758585899999996,-0.4756877500000001,-0.697788618,-0.8344479759999999,0.24904016300000004,-0.616147033,0.3629651669999999,-0.29202301,0.0570986741,0.0369553965,,247.84848484848484,1,L18_NIRS-2019-08-28_008_trial10.txt,37.0
18,925.7599999999999,0.359878386,-0.661464109,0.338492306,-0.571989815,-0.815474987,-1.104305823,0.23403068500000002,-0.639385262,0.33379816600000006,-0.32299874799999995,0.05019488330000001,0.0034775363900000017,,247.84848484848484,1,L18_NIRS-2019-08-28_008_trial10.txt,37.0
19,927.04,0.259334882,-0.7604490260000001,0.1510657219,-0.691301545,-0.9065097019999999,-1.32630736,0.211527481,-0.6577531240000001,0.28989000200000004,-0.374675027,0.023840898219999997,-0.03335118699999999,,247.84848484848484,1,L18_NIRS-2019-08-28_008_trial10.txt,37.0
20,928.32,0.22533209700000004,-0.798122711,0.02675178935,-0.7835180519999999,-0.890596289,-1.36271302,0.194954884,-0.658785866,0.243443882,-0.4399168299999999,-0.0249441153,-0.04409482790000001,,247.84848484848484,1,L18_NIRS-2019-08-28_008_trial10.txt,37.0
21,929.6,0.26800975500000007,-0.7720115049999999,0.02010806034,-0.823856509,-0.8375101770000001,-1.2140965600000002,0.184159597,-0.653995559,0.19931512599999998,-0.503362748,-0.041160116700000006,-0.029851262100000005,,247.84848484848484,1,L18_NIRS-2019-08-28_008_trial10.txt,37.0
22,930.8800000000001,0.343601552,-0.694555582,0.0878158582,-0.801594312,-0.744538539,-0.9409291919999999,0.172140303,-0.644137378,0.15715000699999998,-0.5558974619999999,-0.0762910488,-0.009477871765999998,,247.84848484848484,1,L18_NIRS-2019-08-28_008_trial10.txt,37.0
23,932.1600000000001,0.411743714,-0.589052549,0.152532936,-0.750330148,-0.6735869050000001,-0.654924245,0.15266955899999998,-0.631570241,0.11894131099999998,-0.5984404299999999,-0.0918284139,0.00734168677,,247.84848484848484,1,L18_NIRS-2019-08-28_008_trial10.txt,37.0
24,933.4399999999999,0.441741192,-0.511327848,0.156917582,-0.7261689989999999,-0.6524210239999999,-0.47130832400000006,0.12750066499999999,-0.625977848,0.0685238899,-0.641372506,-0.12167009,0.013483726670000001,,247.84848484848484,1,L18_NIRS-2019-08-28_008_trial10.txt,37.0
25,934.72,0.416295443,-0.501868581,0.09273314740000001,-0.755881766,-0.7277648210000001,-0.40877362799999994,0.1036826233,-0.634188389,0.019602148000000003,-0.687130987,-0.133874577,0.007269890817999998,,247.84848484848484,1,L18_NIRS-2019-08-28_008_trial10.txt,37.0
26,936.0,0.35102491500000005,-0.586778193,-0.03722669823,-0.8543325730000001,-0.8176267720000002,-0.468496298,0.0810385383,-0.6586121839999999,-0.024222293679999996,-0.7411127750000001,-0.165998833,-0.004910270180000001,,247.84848484848484,1,L18_NIRS-2019-08-28_008_trial10.txt,37.0
27,937.28,0.31689575,-0.633269219,-0.0918473584,-0.9053854259999998,-0.86351494,-0.448755594,0.06675728570000002,-0.673189266,-0.0302098822,-0.7774982180000001,-0.17938476600000003,-0.001067954345,,247.84848484848484,1,L18_NIRS-2019-08-28_008_trial10.txt,37.0
28,938.5600000000001,0.294365896,-0.629693426,-0.10689406770000001,-0.9569187379999999,-0.900405893,-0.413428839,0.061453055700000016,-0.671743186,-0.022761481500000003,-0.7879717129999999,-0.20126040299999998,0.022949081599999997,,247.84848484848484,1,L18_NIRS-2019-08-28_008_trial10.txt,37.0
29,939.6480000000001,0.24317743714285717,-0.6346807714285715,-0.126162063,-1.0348625142857144,-0.9684854242857143,-0.42043789571428575,0.055599092,-0.6607158957142857,-0.010716723242857143,-0.8003989157142858,-0.23774488714285713,0.032381493857142854,,247.84848484848484,1,L18_NIRS-2019-08-28_008_trial10.txt,37.0
