,time,S1_D2_HbO,S1_D1_HbO,S2_D2_HbO,S3_D4_HbO,S3_D3_HbO,S2_D3_HbO,S1_D2_HbR,S1_D1_HbR,S2_D2_HbR,S3_D4_HbR,S3_D3_HbR,S2_D3_HbR,Var14,score,labelnum,filename,total_time
0,273.85600000000005,-0.888524417,2.34436606,-2.36236935,1.20129424,-0.6836373749999998,-0.7020755830000001,0.356688743,2.0346534499999995,3.04364385,1.27210927,1.18638075,1.05255129,,241.84848484848484,1,L24_NIRS-2019-09-11_004_trial04.txt,43.0
1,275.13599999999997,-0.850596174,2.47204348,-2.3956237099999997,1.1845300699999999,-0.683540584,-0.6149707369999999,0.34646161300000006,2.08267172,2.97991493,1.2476324699999999,1.2083703299999997,1.07897947,,241.84848484848484,1,L24_NIRS-2019-09-11_004_trial04.txt,43.0
2,276.41600000000005,-0.8624594520000001,2.5056537899999998,-2.3802090500000004,1.0892639,-0.781106305,-0.620032104,0.346009031,2.14654165,2.9596528799999997,1.22078622,1.2078429200000003,1.0971897599999998,,241.84848484848484,1,L24_NIRS-2019-09-11_004_trial04.txt,43.0
3,277.696,-0.8364533589999998,2.45684174,-2.31134448,1.07085329,-0.8247364020000001,-0.5723163760000001,0.364532841,2.19671424,3.0001228500000003,1.1942291099999998,1.2030558499999997,1.1223839,,241.84848484848484,1,L24_NIRS-2019-09-11_004_trial04.txt,43.0
4,278.976,-0.679093252,2.54293482,-2.0382109299999995,1.17435189,-0.671824958,-0.48886683699999994,0.419470415,2.22782884,3.0943458500000003,1.1273247100000001,1.21332467,1.10457693,,241.84848484848484,1,L24_NIRS-2019-09-11_004_trial04.txt,43.0
5,280.256,-0.44498071499999997,2.74208298,-1.6178909100000003,1.40047876,-0.33374079599999995,-0.403847633,0.47880015900000006,2.21663465,3.2033721899999996,1.04158602,1.21998309,1.04063616,,241.84848484848484,1,L24_NIRS-2019-09-11_004_trial04.txt,43.0
6,281.536,-0.252597704,2.9168766499999994,-1.2676220599999999,1.61498648,0.011070781559999996,-0.344621144,0.509832839,2.17447864,3.24688692,0.9708948669999999,1.20599648,0.9487387439999999,,241.84848484848484,1,L24_NIRS-2019-09-11_004_trial04.txt,43.0
7,282.81600000000003,-0.21291647600000002,2.8759173,-1.11410291,1.60955454,0.145791016,-0.388880035,0.5028316349999999,2.1342596400000002,3.21516996,0.89807678,1.1524158599999998,0.816643698,,241.84848484848484,1,L24_NIRS-2019-09-11_004_trial04.txt,43.0
8,284.096,-0.24268043599999997,2.72541449,-1.09771389,1.48424873,0.149727825,-0.431090805,0.48471335299999996,2.13005631,3.15502777,0.8788592169999999,1.1107341400000001,0.717780899,,241.84848484848484,1,L24_NIRS-2019-09-11_004_trial04.txt,43.0
9,285.37600000000003,-0.295384266,2.57717118,-1.17856316,1.3248679200000002,0.05007637648,-0.5139988110000001,0.47815540200000006,2.1423893699999996,3.12783647,0.8744247359999999,1.07600896,0.665902067,,241.84848484848484,1,L24_NIRS-2019-09-11_004_trial04.txt,43.0
10,286.65599999999995,-0.29306608599999995,2.52701742,-1.2096672899999998,1.22564073,0.0017489713069999998,-0.5551691519999999,0.49769305900000005,2.1576169299999997,3.15069299,0.880913767,1.06614042,0.667831609,,241.84848484848484,1,L24_NIRS-2019-09-11_004_trial04.txt,43.0
11,287.93600000000004,-0.22058575600000002,2.56606811,-1.1419078699999998,1.2294171100000002,0.07993936640000002,-0.609309874,0.551180389,2.1526814599999997,3.21967507,0.8555413779999999,1.0641931999999998,0.6488500500000001,,241.84848484848484,1,L24_NIRS-2019-09-11_004_trial04.txt,43.0
12,289.216,-0.197555803,2.6467870499999995,-1.05389343,1.2975709099999997,0.160754387,-0.64761978,0.5802433199999999,2.09408553,3.29821096,0.806279132,0.9917068530000002,0.599039493,,241.84848484848484,1,L24_NIRS-2019-09-11_004_trial04.txt,43.0
13,290.496,-0.254423283,2.84193461,-1.04850294,1.39489672,0.159793197,-0.47546570299999996,0.544801663,2.00395738,3.35245073,0.7667144699999999,0.836901761,0.557901063,,241.84848484848484,1,L24_NIRS-2019-09-11_004_trial04.txt,43.0
14,291.776,-0.42534459199999997,3.0105094400000008,-1.1558746599999998,1.36874941,-0.026488658399999997,-0.312856038,0.455372251,1.9126460699999999,3.381281370000001,0.6786575129999999,0.6148610050000001,0.4703389130000001,,241.84848484848484,1,L24_NIRS-2019-09-11_004_trial04.txt,43.0
15,293.056,-0.6138925900000001,3.1000582699999994,-1.24827182,1.2283608799999999,-0.253133314,-0.24056635500000004,0.3565519709999999,1.8613014800000003,3.4248604799999995,0.571927126,0.42115225900000003,0.370657564,,241.84848484848484,1,L24_NIRS-2019-09-11_004_trial04.txt,43.0
16,294.33599999999996,-0.817743439,3.06420511,-1.4099905099999996,1.124351,-0.389822609,-0.165973651,0.25132969899999996,1.85798466,3.47439494,0.570572115,0.341034246,0.361713163,,241.84848484848484,1,L24_NIRS-2019-09-11_004_trial04.txt,43.0
17,295.616,-0.952977396,2.96236706,-1.49283254,1.0925157300000001,-0.41714888200000005,-0.07025054959999999,0.18457277700000002,1.8932410699999997,3.53641152,0.6375423060000001,0.35552153799999997,0.42553943,,241.84848484848484,1,L24_NIRS-2019-09-11_004_trial04.txt,43.0
18,296.896,-0.8994164550000001,2.99695103,-1.4403981099999998,1.26221392,-0.1915153208,0.12372088140000001,0.19542256899999996,1.9476274200000003,3.5996519200000003,0.7308301800000001,0.492767015,0.5430814749999999,,241.84848484848484,1,L24_NIRS-2019-09-11_004_trial04.txt,43.0
19,298.176,-0.7095670719999999,3.1810280100000004,-1.23324012,1.5986607099999999,0.11869091630000002,0.36623642100000003,0.25463365400000004,1.97920044,3.6115650199999996,0.8414969970000001,0.651404526,0.661436825,,241.84848484848484,1,L24_NIRS-2019-09-11_004_trial04.txt,43.0
20,299.456,-0.46417784700000003,3.3988742199999997,-0.926835187,1.9453202299999997,0.365003189,0.510452388,0.32672738300000004,1.96330158,3.55989948,0.9272703870000001,0.75191662,0.683243548,,241.84848484848484,1,L24_NIRS-2019-09-11_004_trial04.txt,43.0
21,300.736,-0.31240305199999996,3.577335920000001,-0.591451675,2.2111122,0.48557252600000006,0.5071104549999998,0.34978444799999997,1.9090696699999998,3.43792437,0.975009644,0.7676170659999999,0.5991325279999999,,241.84848484848484,1,L24_NIRS-2019-09-11_004_trial04.txt,43.0
22,302.016,-0.24282200800000003,3.69146457,-0.2327216439,2.39714272,0.506697742,0.4581169719999999,0.31774214700000003,1.84582731,3.28036046,1.0221956859999999,0.7082047090000001,0.4763315739999999,,241.84848484848484,1,L24_NIRS-2019-09-11_004_trial04.txt,43.0
23,303.29599999999994,-0.299408914,3.664265510000001,0.0403336743,2.5515459700000003,0.4946496839999999,0.47600434299999994,0.23286251,1.81259892,3.12520972,1.1408329499999998,0.652858344,0.405298871,,241.84848484848484,1,L24_NIRS-2019-09-11_004_trial04.txt,43.0
24,304.576,-0.42426977299999996,3.4469612700000005,0.30863814700000003,2.55687043,0.336035368,0.4183651650000001,0.16888880499999998,1.81024094,3.10379871,1.2333143800000002,0.582269072,0.363524278,,241.84848484848484,1,L24_NIRS-2019-09-11_004_trial04.txt,43.0
25,305.85600000000005,-0.540299343,3.2179487799999995,0.417954854,2.4598975800000003,0.14435381330000002,0.3632809299999999,0.154225541,1.8152956599999999,3.18481883,1.2725130100000002,0.5577553080000001,0.392953154,,241.84848484848484,1,L24_NIRS-2019-09-11_004_trial04.txt,43.0
26,307.136,-0.620475156,3.1261390199999997,0.297979212,2.3821729999999994,-0.048358762900000005,0.30233809599999995,0.160050348,1.7990199699999998,3.2816552100000003,1.27446422,0.5537632590000001,0.452390268,,241.84848484848484,1,L24_NIRS-2019-09-11_004_trial04.txt,43.0
27,308.41600000000005,-0.524207878,2.9893072999999997,0.40606681899999997,2.2517136100000004,-0.168562363,-0.026494898559999997,0.24130332900000004,1.7248621499999999,3.30780482,1.2021974800000002,0.546589739,0.392271553,,241.84848484848484,1,L24_NIRS-2019-09-11_004_trial04.txt,43.0
28,309.696,-0.36995331800000003,2.9107298,0.719523236,2.14196412,-0.055218349234,-0.295063404,0.30573481700000005,1.6287066200000002,3.23128459,1.1030262499999999,0.567553905,0.29083369699999995,,241.84848484848484,1,L24_NIRS-2019-09-11_004_trial04.txt,43.0
29,310.976,-0.22530463100000003,3.0467497099999994,0.8707172309999999,2.21082897,0.2248763425,-0.1475185023,0.29448982399999996,1.55329806,3.14255494,1.0799900900000001,0.5987514690000001,0.27844149500000004,,241.84848484848484,1,L24_NIRS-2019-09-11_004_trial04.txt,43.0
30,312.256,-0.16721217400000002,3.2374902499999996,0.8340466510000001,2.28591067,0.43961869500000006,0.20453230849999998,0.23216154700000002,1.52917376,3.1042293400000003,1.0654917600000002,0.617763567,0.316793794,,241.84848484848484,1,L24_NIRS-2019-09-11_004_trial04.txt,43.0
31,313.536,-0.21980196100000002,3.2489893700000003,0.6550700949999999,2.18895702,0.40923853699999996,0.4474639880000001,0.186169351,1.5471533599999998,3.2016912,1.03034237,0.6263388830000001,0.36610027999999994,,241.84848484848484,1,L24_NIRS-2019-09-11_004_trial04.txt,43.0
32,314.816,-0.379420832,3.07119967,0.22189584109999996,2.00594282,0.23050785899999998,0.5720325159999999,0.163627628,1.57709252,3.38913339,1.02121102,0.669971282,0.454931826,,241.84848484848484,1,L24_NIRS-2019-09-11_004_trial04.txt,43.0
33,316.096,-0.6021023929999999,3.0606453100000004,-0.32562113600000003,1.9230515799999999,0.007177094260000003,0.5630430619999999,0.142510067,1.6135679299999999,3.5664803400000005,1.0519779799999998,0.722476888,0.5392788629999999,,241.84848484848484,1,L24_NIRS-2019-09-11_004_trial04.txt,43.0
34,317.05600000000004,-0.7152004479999999,3.1203231799999998,-0.529137196,1.95449886,-0.14487825199999999,0.41331938599999996,0.15809796199999998,1.6302328,3.65122426,1.09864046,0.758000142,0.5628459699999999,,241.84848484848484,1,L24_NIRS-2019-09-11_004_trial04.txt,43.0
