,time,S3_D4_HbO,S3_D3_HbO,S2_D3_HbO,S2_D2_HbO,S1_D2_HbO,S1_D1_HbO,S3_D4_HbR,S3_D3_HbR,S2_D3_HbR,S2_D2_HbR,S1_D2_HbR,S1_D1_HbR,Var14,score,labelnum,filename,total_time
0,259.776,-1.2612529000000001,-0.626061065,-0.297494681,-0.782632029,-0.558562374,-1.5481008699999999,0.176485446,0.0925161724,-0.6123003359999999,0.0541459322,0.181046786,0.18921952899999997,,219.57575757575756,1,L25_NIRS-2019-09-13_001_trial04.txt,38.0
1,261.056,-0.980943202,-0.42873264899999997,-0.10109916,-0.6784688899999999,-0.4145581569999999,-1.4173963200000002,0.209577603,0.13240203099999998,-0.582230887,0.019203476289999997,0.18968295799999998,0.21190093599999998,,219.57575757575756,1,L25_NIRS-2019-09-13_001_trial04.txt,38.0
2,262.336,-0.6887903890000001,-0.207320802,0.082868621217,-0.594877998,-0.29916852699999996,-1.3144373100000002,0.25724543699999997,0.18450729999999999,-0.546151566,-0.027173947679999998,0.194469297,0.238645744,,219.57575757575756,1,L25_NIRS-2019-09-13_001_trial04.txt,38.0
3,263.616,-0.518420452,-0.04770861965,0.175582509,-0.577579022,-0.22966932299999998,-1.2596824899999999,0.299592168,0.23472957599999997,-0.514911924,-0.055297407,0.19388040899999998,0.25699965799999996,,219.57575757575756,1,L25_NIRS-2019-09-13_001_trial04.txt,38.0
4,264.896,-0.506389552,0.018187926070000002,0.145672966,-0.613289812,-0.22491528200000005,-1.2770374800000002,0.32953375900000004,0.27377839800000003,-0.494506366,-0.0576444321,0.189381419,0.260727169,,219.57575757575756,1,L25_NIRS-2019-09-13_001_trial04.txt,38.0
5,266.176,-0.6006793119999999,0.0244502203,0.01858204668,-0.681713689,-0.269186555,-1.3682086999999998,0.36436642399999997,0.31149863,-0.48200887099999995,-0.022401324599999998,0.18319811400000002,0.250719875,,219.57575757575756,1,L25_NIRS-2019-09-13_001_trial04.txt,38.0
6,267.456,-0.7316690140000001,-0.010236299644,-0.126840734,-0.7874260129999999,-0.34041763499999994,-1.52468149,0.41135515500000003,0.351884867,-0.467137403,0.0048696915139999995,0.18014293500000003,0.22772118,,219.57575757575756,1,L25_NIRS-2019-09-13_001_trial04.txt,38.0
7,268.736,-0.885369135,-0.0650610067,-0.275540304,-0.878866292,-0.412720323,-1.67858911,0.4408196630000001,0.382150189,-0.45755780599999996,0.056262489000000006,0.18533911500000003,0.199711441,,219.57575757575756,1,L25_NIRS-2019-09-13_001_trial04.txt,38.0
8,270.016,-1.0008187149999999,-0.1255495553,-0.36812828400000003,-0.914825424,-0.436926975,-1.7320252100000002,0.4329672029999999,0.382072992,-0.445108573,0.112185007,0.191975699,0.18288991599999999,,219.57575757575756,1,L25_NIRS-2019-09-13_001_trial04.txt,38.0
9,271.296,-1.0662381500000002,-0.17357811899999998,-0.430293422,-0.891405046,-0.40169609800000006,-1.6693099500000002,0.38856740799999995,0.35581236400000005,-0.439121351,0.161655232,0.19593913500000001,0.16534351799999997,,219.57575757575756,1,L25_NIRS-2019-09-13_001_trial04.txt,38.0
10,272.576,-1.1106006,-0.217161443,-0.497462113,-0.8198095540000001,-0.33993977000000003,-1.52365096,0.31866637800000003,0.313549142,-0.444352871,0.22386631800000006,0.19497620100000002,0.150163571,,219.57575757575756,1,L25_NIRS-2019-09-13_001_trial04.txt,38.0
11,273.85600000000005,-1.21020247,-0.319756901,-0.5855506770000001,-0.723685622,-0.29960122499999997,-1.37751557,0.21635189000000002,0.244592027,-0.4618240800000001,0.273473547,0.18875291200000002,0.139607593,,219.57575757575756,1,L25_NIRS-2019-09-13_001_trial04.txt,38.0
12,275.13599999999997,-1.3269906500000002,-0.442940528,-0.6836934969999999,-0.6636772260000001,-0.314068274,-1.31366926,0.129390202,0.177397173,-0.482788688,0.318005329,0.184387649,0.132800085,,219.57575757575756,1,L25_NIRS-2019-09-13_001_trial04.txt,38.0
13,276.41600000000005,-1.3533167900000003,-0.5249768969999999,-0.727615822,-0.639429709,-0.3399866829999999,-1.30049472,0.09235551379999998,0.13307101000000002,-0.49542516700000006,0.32280459100000003,0.17858534799999998,0.125566801,,219.57575757575756,1,L25_NIRS-2019-09-13_001_trial04.txt,38.0
14,277.696,-1.21482127,-0.517077738,-0.6730850340000001,-0.5821083909999999,-0.29972804099999995,-1.2078664399999999,0.0977236738,0.111987258,-0.497544485,0.316393467,0.171214337,0.112337765,,219.57575757575756,1,L25_NIRS-2019-09-13_001_trial04.txt,38.0
15,278.976,-0.8726440180000001,-0.389476287,-0.49468080499999995,-0.432991377,-0.1411939997,-0.9480629759999999,0.13846109700000003,0.12035175999999999,-0.4849048980000001,0.29984142900000005,0.16559246300000002,0.0986798436,,219.57575757575756,1,L25_NIRS-2019-09-13_001_trial04.txt,38.0
16,280.256,-0.449714696,-0.19304926349999998,-0.276208946,-0.21538909200000003,0.07688123137,-0.5679056769999999,0.187116793,0.144074761,-0.46922274,0.297367018,0.163516479,0.089441407,,219.57575757575756,1,L25_NIRS-2019-09-13_001_trial04.txt,38.0
17,281.536,-0.07125781959000002,0.01444947257,-0.09855900100000001,-0.002045543908999997,0.23688193099999996,-0.21124920120000001,0.247541705,0.183312092,-0.45630589600000004,0.307392389,0.1677829,0.09119353189999999,,219.57575757575756,1,L25_NIRS-2019-09-13_001_trial04.txt,38.0
18,282.81600000000003,0.1209051592,0.12461894899999999,-0.0260397249,0.0871928535,0.257638347,-0.0493637228,0.30737238100000003,0.220643249,-0.44472476000000005,0.314882253,0.173407194,0.0972964157,,219.57575757575756,1,L25_NIRS-2019-09-13_001_trial04.txt,38.0
19,284.096,0.138196172,0.160080159,-0.0756878457,-0.0017809609300000009,0.1365242349,-0.1556682458,0.375883716,0.267896292,-0.436131651,0.324359852,0.184966027,0.0960426757,,219.57575757575756,1,L25_NIRS-2019-09-13_001_trial04.txt,38.0
20,285.37600000000003,0.06451228669999999,0.15568260299999997,-0.156934663,-0.2041173411,-0.02397020513,-0.4079132179999999,0.436328842,0.31209621200000004,-0.4223915259999999,0.3123855890000001,0.195095355,0.0896972785,,219.57575757575756,1,L25_NIRS-2019-09-13_001_trial04.txt,38.0
21,286.65599999999995,0.037750322,0.18689625499999996,-0.17827547000000002,-0.39591965800000006,-0.1058723497,-0.6297707810000001,0.493588264,0.356935132,-0.399708005,0.284859347,0.20239601699999996,0.0785414778,,219.57575757575756,1,L25_NIRS-2019-09-13_001_trial04.txt,38.0
22,287.93600000000004,0.1103452546,0.279422615,-0.09859009999999999,-0.48303650400000003,-0.053198822429999994,-0.7024849950000001,0.5308415900000001,0.39733922800000004,-0.368021244,0.24428254500000005,0.204286377,0.0630638746,,219.57575757575756,1,L25_NIRS-2019-09-13_001_trial04.txt,38.0
23,289.216,0.276923416,0.42149056900000004,0.054882629800000006,-0.41743597700000007,0.1096910928,-0.5860167159999999,0.5330204490000001,0.42053554899999995,-0.33758935500000004,0.21009731199999998,0.199834483,0.05169799439999999,,219.57575757575756,1,L25_NIRS-2019-09-13_001_trial04.txt,38.0
24,290.496,0.48744238700000003,0.5696601470000001,0.22727696000000003,-0.290171544,0.289107057,-0.382779629,0.5100644190000001,0.429936353,-0.308235314,0.18672412900000002,0.18840673,0.045573333,,219.57575757575756,1,L25_NIRS-2019-09-13_001_trial04.txt,38.0
25,291.776,0.661668387,0.666581552,0.35331655800000006,-0.224367103,0.39372017900000006,-0.24654597799999994,0.49550725,0.439462138,-0.27464593600000003,0.164671271,0.17447888900000003,0.04361071329999999,,219.57575757575756,1,L25_NIRS-2019-09-13_001_trial04.txt,38.0
26,293.056,0.704261037,0.689829695,0.371171047,-0.22541704899999998,0.40332317200000006,-0.21761216699999997,0.47579661800000006,0.440394351,-0.25426558,0.16714717699999998,0.16452174,0.046262717200000004,,219.57575757575756,1,L25_NIRS-2019-09-13_001_trial04.txt,38.0
27,294.33599999999996,0.54817029,0.607268924,0.25478702299999995,-0.293117799,0.31760315899999997,-0.339341682,0.4364314899999999,0.425360895,-0.251407793,0.19232712499999996,0.16266153700000002,0.039674151299999995,,219.57575757575756,1,L25_NIRS-2019-09-13_001_trial04.txt,38.0
28,295.36,0.38638350999999993,0.5017691666666667,0.12898791766666667,-0.3392037683333333,0.21583673166666664,-0.44747490833333337,0.4157288266666667,0.40443821499999993,-0.25315801666666665,0.24695029999999998,0.15553562666666668,0.051899319666666666,,219.57575757575756,1,L25_NIRS-2019-09-13_001_trial04.txt,38.0
