,time,S1_D2_HbO,S1_D1_HbO,S2_D2_HbO,S3_D4_HbO,S3_D3_HbO,S2_D3_HbO,S1_D2_HbR,S1_D1_HbR,S2_D2_HbR,S3_D4_HbR,S3_D3_HbR,S2_D3_HbR,Var14,score,labelnum,filename,total_time
0,166.208,0.165768511,-0.181552238,0.0519491284,0.0481800159,0.16241586700000002,0.206040272,0.20842634200000001,0.24116915300000002,0.131875728,0.36404673700000006,0.264531374,0.27052908000000003,,224.66666666666666,1,L25_NIRS-2019-09-08_003_trial03.txt,42.0
1,167.488,0.23023736700000003,0.030099427,0.0761431094,0.22130662299999998,0.325328836,0.391375051,0.235696614,0.23358018400000002,0.13117731000000002,0.395946918,0.32195376600000003,0.30775898500000004,,224.66666666666666,1,L25_NIRS-2019-09-08_003_trial03.txt,42.0
2,168.76799999999997,0.398600757,0.3156521179999999,0.172800464,0.43874919100000004,0.5408937829999999,0.63437327,0.25263364200000005,0.21810020299999996,0.11162482219999999,0.40530700599999997,0.374784052,0.3484964870000001,,224.66666666666666,1,L25_NIRS-2019-09-08_003_trial03.txt,42.0
3,170.048,0.516607116,0.485716153,0.214337125,0.5234413229999999,0.6955697949999999,0.80725444,0.25128597399999997,0.189168956,0.0729185579,0.37507051999999996,0.402853209,0.376927478,,224.66666666666666,1,L25_NIRS-2019-09-08_003_trial03.txt,42.0
4,171.328,0.48608593099999997,0.436090323,0.13769854659999997,0.43336992199999996,0.738744992,0.846300558,0.23282345599999998,0.150182663,0.02046337418,0.327537286,0.4002702949999999,0.384766027,,224.66666666666666,1,L25_NIRS-2019-09-08_003_trial03.txt,42.0
5,172.60799999999998,0.368758917,0.24340558900000003,0.0039965292599999985,0.24672878099999998,0.706625393,0.796122567,0.205344545,0.11604212700000001,-0.03054438853,0.289409837,0.37952481899999996,0.375619528,,224.66666666666666,1,L25_NIRS-2019-09-08_003_trial03.txt,42.0
6,173.888,0.26437413899999995,0.042318084150000004,-0.1009476356,0.0768843191,0.658726221,0.715872755,0.17550364699999998,0.0922271948,-0.06313583310000001,0.27131431300000003,0.355203885,0.35243968999999997,,224.66666666666666,1,L25_NIRS-2019-09-08_003_trial03.txt,42.0
7,175.16800000000003,0.23977023800000002,-0.0579668581,-0.124743103,0.0302937203,0.665772856,0.689016997,0.14974568800000002,0.0776422679,-0.08472916280000001,0.269301978,0.34194493600000003,0.33331360499999996,,224.66666666666666,1,L25_NIRS-2019-09-08_003_trial03.txt,42.0
8,176.448,0.30129093399999995,-0.03195823125000001,-0.07612977750000001,0.1045746353,0.746658276,0.7411776010000001,0.126945769,0.0682010918,-0.10742987130000001,0.270671397,0.34543917,0.32436192799999997,,224.66666666666666,1,L25_NIRS-2019-09-08_003_trial03.txt,42.0
9,177.728,0.41107219400000006,0.07071557499999999,0.01710095171,0.22240289,0.846973988,0.821930396,0.108687321,0.06276451670000001,-0.12010439099999999,0.256381831,0.34405476300000004,0.316645312,,224.66666666666666,1,L25_NIRS-2019-09-08_003_trial03.txt,42.0
10,179.00799999999998,0.5112055919999999,0.17100626200000002,0.1452809395,0.354453371,0.880748312,0.8503306780000001,0.09574268350000001,0.05526858859999999,-0.10180569480000001,0.23304958399999998,0.314162846,0.287484419,,224.66666666666666,1,L25_NIRS-2019-09-08_003_trial03.txt,42.0
11,180.288,0.567897285,0.234507557,0.276312914,0.45884885100000006,0.8551586280000001,0.8356495429999999,0.0904160717,0.0470254199,-0.0694035986,0.19234612099999998,0.26370542599999997,0.24534009,,224.66666666666666,1,L25_NIRS-2019-09-08_003_trial03.txt,42.0
12,181.56799999999998,0.56774569,0.24485312,0.37155368499999997,0.515242834,0.777471611,0.7760586180000001,0.0976734296,0.04657418020000001,-0.033217235500000004,0.14980329599999997,0.205409677,0.196281105,,224.66666666666666,1,L25_NIRS-2019-09-08_003_trial03.txt,42.0
13,182.84799999999998,0.55744853,0.255064804,0.4592826370000001,0.561474834,0.692204674,0.6929342949999999,0.115720004,0.0600708519,0.014528891806,0.11937707,0.153125381,0.14642325,,224.66666666666666,1,L25_NIRS-2019-09-08_003_trial03.txt,42.0
14,184.128,0.510321685,0.22564371200000002,0.50587008,0.544292191,0.6055564070000001,0.564971034,0.12896947200000003,0.0728900612,0.06120754939999999,0.09012024980000001,0.11667374500000001,0.0878748139,,224.66666666666666,1,L25_NIRS-2019-09-08_003_trial03.txt,42.0
15,185.408,0.47166477600000006,0.20692858400000005,0.513752786,0.542637309,0.5686990449999999,0.486050878,0.13911563500000002,0.08432446589999999,0.081888119,0.08335428730000001,0.10961456900000002,0.044435358499999994,,224.66666666666666,1,L25_NIRS-2019-09-08_003_trial03.txt,42.0
16,186.68800000000002,0.4786186659999999,0.23350970199999996,0.529199109,0.565444332,0.5836827410000001,0.47977988800000004,0.145354756,0.0957133509,0.08588375979999999,0.08367502899999998,0.119658776,0.0187708981,,224.66666666666666,1,L25_NIRS-2019-09-08_003_trial03.txt,42.0
17,187.96800000000002,0.553823213,0.325408833,0.5916823519999999,0.666243328,0.6406220539999999,0.558064338,0.144561561,0.1010146355,0.0759739325,0.092069733,0.132244365,0.00987686648,,224.66666666666666,1,L25_NIRS-2019-09-08_003_trial03.txt,42.0
18,189.248,0.6770720779999999,0.4799715539999999,0.6714626800000001,0.8064485149999999,0.757557467,0.7197777999999999,0.135521706,0.10032159689999998,0.0367928435,0.0863844408,0.15002644800000003,0.022625867299999998,,224.66666666666666,1,L25_NIRS-2019-09-08_003_trial03.txt,42.0
19,190.528,0.7977942080000001,0.6517711870000001,0.740150281,0.928133796,0.8682183120000001,0.8834434290000001,0.123272081,0.09807661079999999,-0.01618176223,0.0678273976,0.161259243,0.0398210611,,224.66666666666666,1,L25_NIRS-2019-09-08_003_trial03.txt,42.0
20,191.808,0.889280777,0.7955869950000001,0.7944112129999998,1.0121959310000002,0.9580456390000001,1.013793494,0.11216071300000001,0.09529851319999999,-0.0628558011,0.0506724283,0.170795069,0.05965109970000001,,224.66666666666666,1,L25_NIRS-2019-09-08_003_trial03.txt,42.0
21,193.088,0.9254922440000002,0.8694473159999999,0.818187833,1.0194786900000001,0.9955599160000002,1.0680972399999997,0.09915689530000002,0.0854941669,-0.0872458238,0.03588323089999999,0.177880499,0.0715048009,,224.66666666666666,1,L25_NIRS-2019-09-08_003_trial03.txt,42.0
22,194.36799999999997,0.940564713,0.8971874499999999,0.826525094,1.0326719,1.00923694,1.1035308999999998,0.09050840430000001,0.0724178244,-0.09928349999999998,0.045201000399999997,0.183512899,0.08590938749999999,,224.66666666666666,1,L25_NIRS-2019-09-08_003_trial03.txt,42.0
23,195.648,0.9175520479999999,0.8651540970000001,0.8120420859999999,1.022652312,1.003336482,1.11096531,0.08597670430000001,0.0590943608,-0.10336191700000001,0.0609380379,0.189235842,0.10078888899999998,,224.66666666666666,1,L25_NIRS-2019-09-08_003_trial03.txt,42.0
24,196.928,0.837350807,0.774864438,0.7389415979999999,0.932127042,0.9853026140000001,1.10728575,0.08966277300000002,0.044578418999999994,-0.113704636,0.0676193344,0.20423049,0.125761941,,224.66666666666666,1,L25_NIRS-2019-09-08_003_trial03.txt,42.0
25,198.208,0.714043972,0.675906533,0.621976226,0.750471351,0.9730041070000001,1.0929661000000002,0.11018258179999998,0.03454994979999999,-0.121324183,0.06463054180000001,0.23474457499999998,0.15254177800000002,,224.66666666666666,1,L25_NIRS-2019-09-08_003_trial03.txt,42.0
26,199.488,0.58679181,0.6450357640000001,0.5110662,0.6031319899999998,0.944195168,1.10695773,0.149862881,0.053196811899999995,-0.09448496340000001,0.08820491789999998,0.274256031,0.217837522,,224.66666666666666,1,L25_NIRS-2019-09-08_003_trial03.txt,42.0
27,200.76800000000003,0.44967528,0.6222675520000001,0.384464718,0.46473540900000004,0.9228972740000001,1.1223509999999999,0.18198371500000002,0.0716729007,-0.07174771690000001,0.11330969900000001,0.31876416900000004,0.292209031,,224.66666666666666,1,L25_NIRS-2019-09-08_003_trial03.txt,42.0
28,202.048,0.33299864599999995,0.594046916,0.254288336,0.362744601,0.898707334,1.1212463099999999,0.199236928,0.0821654691,-0.052530271899999995,0.135024692,0.356178781,0.361191647,,224.66666666666666,1,L25_NIRS-2019-09-08_003_trial03.txt,42.0
29,203.328,0.22122289399999998,0.5337816460000001,0.11562133490000001,0.280831496,0.857745982,1.0737230100000001,0.194662479,0.0811727991,-0.0354752519,0.149968337,0.379479479,0.41415485900000004,,224.66666666666666,1,L25_NIRS-2019-09-08_003_trial03.txt,42.0
30,204.60799999999998,0.1216197671,0.467614075,-0.016533722,0.17678553000000002,0.792064799,1.0068996190000001,0.15805239499999998,0.0657078966,-0.0414129976,0.1160643687,0.372305176,0.43855645,,224.66666666666666,1,L25_NIRS-2019-09-08_003_trial03.txt,42.0
31,205.888,0.05725162530000001,0.38591593399999996,-0.09942636830000001,0.09471448930000001,0.702795504,0.911611444,0.11690663899999998,0.04208070109999999,-0.0295200022,0.058749787399999996,0.3351421,0.435610931,,224.66666666666666,1,L25_NIRS-2019-09-08_003_trial03.txt,42.0
32,207.16799999999998,0.11589392829999998,0.43893036199999996,-0.025196101520000007,0.1506037,0.6457525040000001,0.822414896,0.09564140600000001,0.036873085199999996,0.032600035978,0.013466722239999998,0.27817641300000007,0.400749698,,224.66666666666666,1,L25_NIRS-2019-09-08_003_trial03.txt,42.0
33,208.0,0.19024451666666667,0.5150652366666667,0.072227285,0.24790838,0.5988358566666666,0.7609596566666667,0.09690739166666668,0.05096075933333333,0.106031585,0.0031867134333333335,0.23857395666666667,0.38198166666666666,,224.66666666666666,1,L25_NIRS-2019-09-08_003_trial03.txt,42.0
