,time,S1_D2_HbO,S1_D1_HbO,S2_D2_HbO,S3_D4_HbO,S3_D3_HbO,S2_D3_HbO,S1_D2_HbR,S1_D1_HbR,S2_D2_HbR,S3_D4_HbR,S3_D3_HbR,S2_D3_HbR,Var14,score,labelnum,filename,total_time
0,513.344,-0.0665685219,0.408739325,-0.06279180614,0.30248423199999996,-0.503347254,-0.302224937,0.0985972031,0.148859937,-0.00710402542,0.46788848200000005,-0.0719283774,-0.0605662456,,234.63636363636363,1,L25_NIRS-2019-09-09_004_trial08.txt,29.0
1,514.624,0.08683227386,0.716902104,0.14450295019999998,0.548429304,-0.32924893299999997,-0.018441978829999994,0.07369389000000001,0.163900183,-0.008703531589999999,0.49568975000000004,-0.0637112894,-0.054765725599999995,,234.63636363636363,1,L25_NIRS-2019-09-09_004_trial08.txt,29.0
2,515.9039999999999,0.31522358199999995,1.062034302,0.453892112,0.8921974669999999,-0.09903302959999999,0.340788204,0.0376561037,0.16863766200000002,-0.017309633300000002,0.501919907,-0.06737449770000001,-0.059557020100000004,,234.63636363636363,1,L25_NIRS-2019-09-09_004_trial08.txt,29.0
3,517.184,0.431461832,1.2113146799999999,0.6491891160000001,1.12330039,0.02369559772,0.5222742599999999,0.007810561528000001,0.15570030999999998,-0.0345545061,0.473542721,-0.08870044399999999,-0.0800382188,,234.63636363636363,1,L25_NIRS-2019-09-09_004_trial08.txt,29.0
4,518.464,0.37814626500000004,1.12094224,0.651221657,1.17164029,-0.004460207379999999,0.452734399,-0.008872635640000001,0.140631118,-0.05172337600000001,0.43421430800000005,-0.117799327,-0.10866501840000001,,234.63636363636363,1,L25_NIRS-2019-09-09_004_trial08.txt,29.0
5,519.7439999999999,0.248740651,0.8857799060000001,0.5009786459999999,1.037329256,-0.1252778118,0.22764595599999998,-0.004282752739,0.12482143200000002,-0.0691726237,0.394958252,-0.141976842,-0.134526551,,234.63636363636363,1,L25_NIRS-2019-09-09_004_trial08.txt,29.0
6,521.024,0.22840631299999997,0.774864083,0.403424788,0.9331657950000001,-0.179663028,0.1127875505,0.01058317552,0.110979388,-0.08120656080000001,0.37292910900000004,-0.147806062,-0.143933952,,234.63636363636363,1,L25_NIRS-2019-09-09_004_trial08.txt,29.0
7,522.304,0.375187645,0.88557679,0.455820623,0.9572144249999999,-0.1078996991,0.20416736400000005,0.021664348599999998,0.09742583739999999,-0.0832006232,0.364305206,-0.138729396,-0.138663392,,234.63636363636363,1,L25_NIRS-2019-09-09_004_trial08.txt,29.0
8,523.5840000000001,0.60465682,1.09499726,0.598910956,1.0862506299999999,0.033477187680000006,0.388080122,0.028657897300000002,0.07463940930000001,-0.07629251520000001,0.348433181,-0.125550729,-0.128639055,,234.63636363636363,1,L25_NIRS-2019-09-09_004_trial08.txt,29.0
9,524.8639999999999,0.755719326,1.24432276,0.7076282440000001,1.2642632699999998,0.147720324,0.4950579599999999,0.032803244300000006,0.0550781492,-0.0710034101,0.33087041,-0.12160659599999998,-0.1187347,,234.63636363636363,1,L25_NIRS-2019-09-09_004_trial08.txt,29.0
10,526.144,0.7697647639999998,1.2654653599999999,0.691903355,1.3757076300000002,0.16963711299999998,0.44692510599999996,0.0400381886,0.0446516801,-0.0627715076,0.300273227,-0.13488340599999998,-0.11720328499999996,,234.63636363636363,1,L25_NIRS-2019-09-09_004_trial08.txt,29.0
11,527.424,0.679921957,1.16234035,0.582301878,1.35777636,0.09616071550000001,0.30035471199999997,0.0477236106,0.0386180197,-0.051745688199999994,0.26223268,-0.160789216,-0.130401934,,234.63636363636363,1,L25_NIRS-2019-09-09_004_trial08.txt,29.0
12,528.704,0.5923445519999999,1.0283878830000002,0.47892950799999995,1.2312219,-0.004691824770000001,0.19996896299999997,0.0575851428,0.0337677849,-0.0452314273,0.22745968,-0.183357159,-0.14529998200000002,,234.63636363636363,1,L25_NIRS-2019-09-09_004_trial08.txt,29.0
13,529.984,0.599225566,1.016550236,0.5001261619999999,1.1460386599999999,-0.0328351272,0.26324178899999995,0.0662766473,0.037310390299999996,-0.0413430711,0.20525923699999998,-0.195497123,-0.154645082,,234.63636363636363,1,L25_NIRS-2019-09-09_004_trial08.txt,29.0
14,531.2640000000001,0.660801741,1.13651421,0.6275439239999999,1.16143583,0.0183790192,0.43290763599999993,0.0621590221,0.052790631600000006,-0.0450147769,0.192434713,-0.20168943600000003,-0.15907094900000002,,234.63636363636363,1,L25_NIRS-2019-09-09_004_trial08.txt,29.0
15,532.544,0.703360523,1.27559285,0.743930529,1.22437517,0.08742872440000002,0.568760879,0.050543137,0.0663938989,-0.047919886099999996,0.18052194400000002,-0.20458485399999998,-0.16180190700000002,,234.63636363636363,1,L25_NIRS-2019-09-09_004_trial08.txt,29.0
16,533.824,0.67106772,1.3462178200000001,0.7770236930000001,1.2823457600000001,0.12419422400000002,0.596018064,0.035946464500000004,0.0812199148,-0.059098724899999996,0.18262813700000002,-0.203874634,-0.16309962,,234.63636363636363,1,L25_NIRS-2019-09-09_004_trial08.txt,29.0
17,535.104,0.5971037289999999,1.3747031299999999,0.739920667,1.2968569000000003,0.127934299,0.5623505200000001,0.0232037815,0.1061971808,-0.0621536065,0.19775260099999997,-0.198418114,-0.15600743899999997,,234.63636363636363,1,L25_NIRS-2019-09-09_004_trial08.txt,29.0
18,536.384,0.536171922,1.4034798700000002,0.6994296919999999,1.29540051,0.14422857000000003,0.5408512440000001,0.01015333182,0.130965288,-0.06192136589999999,0.21663434599999998,-0.18803004500000003,-0.14868453499999998,,234.63636363636363,1,L25_NIRS-2019-09-09_004_trial08.txt,29.0
19,537.664,0.514891067,1.4499936999999998,0.67856516,1.3046298200000002,0.207275725,0.564695999,0.002262784779,0.146013531,-0.061437463000000005,0.230965335,-0.168597435,-0.137922498,,234.63636363636363,1,L25_NIRS-2019-09-09_004_trial08.txt,29.0
20,538.9439999999998,0.5377303419999999,1.49760608,0.6629416559999999,1.3200345900000001,0.296545028,0.602245535,0.00755257414,0.139058296,-0.0573363028,0.21738945599999998,-0.155850141,-0.135332007,,234.63636363636363,1,L25_NIRS-2019-09-09_004_trial08.txt,29.0
21,540.224,0.555951739,1.55013251,0.6223393770000001,1.37391247,0.36456145100000004,0.6492874929999999,0.0141593959,0.122485643,-0.0616201522,0.197039154,-0.157183915,-0.12366370299999999,,234.63636363636363,1,L25_NIRS-2019-09-09_004_trial08.txt,29.0
22,541.504,0.560098742,1.59881732,0.54994358,1.448751,0.390474821,0.6774931289999999,0.026252166,0.10271365389999998,-0.06406849,0.180410774,-0.16248485699999998,-0.10807814399999997,,234.63636363636363,1,L25_NIRS-2019-09-09_004_trial08.txt,29.0
23,542.2719999999999,0.537189315,1.56329025,0.470326785,1.4351962,0.352939855,0.617634985,0.040538839,0.08457287499999999,-0.0613898345,0.16069767000000001,-0.17075971,-0.11143232,,234.63636363636363,1,L25_NIRS-2019-09-09_004_trial08.txt,29.0
