,time,S1_D2_HbO,S1_D1_HbO,S2_D2_HbO,S3_D4_HbO,S3_D3_HbO,S2_D3_HbO,S1_D2_HbR,S1_D1_HbR,S2_D2_HbR,S3_D4_HbR,S3_D3_HbR,S2_D3_HbR,Var14,score,labelnum,filename,total_time
0,96.832,0.17805394049999998,-0.7671517039999999,0.910111544,-0.012033050300000002,0.16390507199999998,-0.7113023180000001,0.13022987400000002,0.0979673874,0.29436975200000004,0.401321319,0.10745274419999999,1.5917146100000001,,211.39393939393938,1,L25_NIRS-2019-09-07_004_trial02.txt,28.0
1,98.112,0.02535172101,-0.749011157,0.6712085550000001,-0.10573172859999999,0.131369431,-0.745652641,0.13799781100000003,0.14895136699999997,0.27133803600000006,0.43079193800000004,0.15395280800000002,1.59889429,,211.39393939393938,1,L25_NIRS-2019-09-07_004_trial02.txt,28.0
2,99.39200000000001,0.0741567906,-0.475340822,0.714950222,0.04207535685,0.275695092,-0.525291056,0.15015683600000002,0.211874514,0.26575871500000003,0.475384533,0.216501396,1.63271011,,211.39393939393938,1,L25_NIRS-2019-09-07_004_trial02.txt,28.0
3,100.67200000000001,0.217174122,-0.1822153524,0.8694005929999999,0.24235068499999998,0.46953178700000003,-0.261878798,0.15332355,0.24659111,0.253087457,0.49569331500000013,0.262852808,1.65565256,,211.39393939393938,1,L25_NIRS-2019-09-07_004_trial02.txt,28.0
4,101.952,0.350286128,-0.0023102093900000016,0.9885313339999999,0.38659519000000003,0.62210237,-0.09423247250000001,0.14705280599999998,0.25217457800000004,0.23108552500000004,0.49440639,0.281904088,1.65867419,,211.39393939393938,1,L25_NIRS-2019-09-07_004_trial02.txt,28.0
5,103.232,0.371521553,0.00212605432,0.9208545610000002,0.36447738799999996,0.6371188589999999,-0.1563466415,0.131258347,0.239493657,0.19601380100000004,0.471674592,0.270223952,1.6395005100000002,,211.39393939393938,1,L25_NIRS-2019-09-07_004_trial02.txt,28.0
6,104.51200000000001,0.290573569,-0.10983444500000002,0.7251338739999997,0.254216836,0.57883089,-0.36261893800000006,0.114187338,0.222756216,0.168634964,0.445899891,0.250623517,1.60940059,,211.39393939393938,1,L25_NIRS-2019-09-07_004_trial02.txt,28.0
7,105.79199999999999,0.158982939,-0.31952656300000004,0.49676652099999996,0.06307142495999998,0.47760051600000003,-0.624031242,0.10132737970000001,0.196182429,0.142258153,0.404837706,0.22000376500000002,1.5630091199999998,,211.39393939393938,1,L25_NIRS-2019-09-07_004_trial02.txt,28.0
8,107.07199999999997,0.0696080714,-0.496110264,0.385119461,-0.049292188300000005,0.414326442,-0.7898371730000001,0.0939734576,0.17184372900000003,0.13222340900000001,0.371367329,0.19580188699999998,1.5201198200000001,,211.39393939393938,1,L25_NIRS-2019-09-07_004_trial02.txt,28.0
9,108.352,0.05874776989999999,-0.5752639829999999,0.4137454669999999,-0.0645433,0.390374592,-0.834453577,0.0923932661,0.148739068,0.139860649,0.349383207,0.174338062,1.48575333,,211.39393939393938,1,L25_NIRS-2019-09-07_004_trial02.txt,28.0
10,109.63200000000002,0.104368035,-0.586904119,0.5338314179999999,-0.006453580850000001,0.37631604,-0.8120810370000001,0.0924423094,0.11770915600000001,0.155064235,0.33126359099999997,0.149254617,1.44956308,,211.39393939393938,1,L25_NIRS-2019-09-07_004_trial02.txt,28.0
11,110.91199999999999,0.19862506400000002,-0.49724930799999995,0.699983084,0.1416692024,0.354325539,-0.724118717,0.0960059779,0.09619474039999999,0.1835446,0.334567076,0.126201794,1.42575446,,211.39393939393938,1,L25_NIRS-2019-09-07_004_trial02.txt,28.0
12,112.19199999999998,0.305314094,-0.314380796,0.8529909270000001,0.384128063,0.32767116400000007,-0.6191445950000001,0.1024994396,0.09717803059999999,0.22209431599999996,0.36762044000000005,0.113314308,1.42475617,,211.39393939393938,1,L25_NIRS-2019-09-07_004_trial02.txt,28.0
13,113.47200000000001,0.37944930899999996,-0.13068925779999999,0.93945706,0.649261147,0.33055922200000004,-0.532490869,0.10512379200000002,0.10735344,0.25114216,0.4115829849999999,0.113620439,1.42912038,,211.39393939393938,1,L25_NIRS-2019-09-07_004_trial02.txt,28.0
14,114.752,0.40462576100000003,-0.00927711962,0.9462566110000001,0.8503259890000001,0.35383315699999995,-0.4748462590000001,0.102112337,0.121972462,0.259244793,0.45024872700000007,0.120470911,1.4341129499999998,,211.39393939393938,1,L25_NIRS-2019-09-07_004_trial02.txt,28.0
15,116.032,0.404494056,0.0686181713,0.8661971119999998,0.9637646679999999,0.46977315500000005,-0.468092906,0.10183308900000002,0.142914033,0.248990403,0.46856786899999997,0.176148728,1.45306584,,211.39393939393938,1,L25_NIRS-2019-09-07_004_trial02.txt,28.0
16,117.31199999999998,0.41348724400000003,0.1360703999,0.7560823109999999,0.997337986,0.6308878769999999,-0.46936143900000005,0.10460736600000001,0.168428248,0.21563205400000002,0.463742166,0.25198360500000005,1.47262468,,211.39393939393938,1,L25_NIRS-2019-09-07_004_trial02.txt,28.0
17,118.59200000000001,0.46234465699999994,0.220607576,0.7238301840000001,1.0182825699999998,0.814358653,-0.40898496800000006,0.11231639199999999,0.195010731,0.177095925,0.44567301,0.320254263,1.4936081399999999,,211.39393939393938,1,L25_NIRS-2019-09-07_004_trial02.txt,28.0
18,119.87200000000003,0.561979312,0.36627197399999994,0.7890411750000002,1.078802,0.9950842339999999,-0.25414987499999997,0.127487299,0.22950515200000005,0.15645107599999997,0.43842353600000006,0.37710594999999997,1.53057925,,211.39393939393938,1,L25_NIRS-2019-09-07_004_trial02.txt,28.0
19,121.152,0.7063664109999999,0.6001995410000001,0.9415072859999999,1.2301162800000003,1.16474441,-0.023192088179999994,0.151568204,0.279681759,0.154644137,0.45465045000000004,0.430045189,1.5809122200000003,,211.39393939393938,1,L25_NIRS-2019-09-07_004_trial02.txt,28.0
20,122.43199999999999,0.8194552270000001,0.711490699,1.11803516,1.3263559,1.25766585,0.17268310899999997,0.16533076500000002,0.280066318,0.15100495599999997,0.4487485299999999,0.433615276,1.59054431,,211.39393939393938,1,L25_NIRS-2019-09-07_004_trial02.txt,28.0
21,123.71199999999999,0.8972375749999999,0.7165973619999999,1.3310090499999998,1.3382388699999996,1.2617840299999998,0.34526854600000007,0.16811091100000003,0.240453589,0.167245937,0.42451259500000005,0.3918433579999999,1.5755362899999998,,211.39393939393938,1,L25_NIRS-2019-09-07_004_trial02.txt,28.0
22,124.79999999999998,0.8786228285714285,0.56176203,1.3904543714285715,1.1491341714285714,1.1714764285714288,0.30834861857142853,0.1652202142857143,0.1736183028571429,0.18347336,0.36148002428571424,0.3499151714285715,1.5487558571428572,,211.39393939393938,1,L25_NIRS-2019-09-07_004_trial02.txt,28.0
