,time,S3_D4_HbO,S3_D3_HbO,S2_D3_HbO,S2_D2_HbO,S1_D2_HbO,S1_D1_HbO,S3_D4_HbR,S3_D3_HbR,S2_D3_HbR,S2_D2_HbR,S1_D2_HbR,S1_D1_HbR,Var14,score,labelnum,filename,total_time
0,406.7199999999999,-0.27840760300000006,0.160440264,0.20905025400000002,-0.135744614,-0.40766426000000006,-0.2160275229,0.14130150179999998,0.1123872177,-0.452861985,0.09241338860000001,-0.0205302397,0.13373158300000001,,222.54545454545456,1,L25_NIRS-2019-09-13_001_trial06.txt,32.0
1,408.0,-0.363679154,0.160192723,0.141392117,-0.327725358,-0.5502424419999998,-0.435035183,0.250349759,0.20514264599999996,-0.42201920700000006,0.119077061,-0.0004572537150000005,0.14602750700000003,,222.54545454545456,1,L25_NIRS-2019-09-13_001_trial06.txt,32.0
2,409.28000000000003,-0.36084204,0.17538193800000001,0.20616689400000002,-0.469908298,-0.547876807,-0.4363916710000001,0.311121728,0.25536195100000003,-0.387865848,0.0892169097,0.013610557749999998,0.14139623299999998,,222.54545454545456,1,L25_NIRS-2019-09-13_001_trial06.txt,32.0
3,410.55999999999995,-0.277224563,0.22611372400000002,0.369292759,-0.484177299,-0.4043075299999999,-0.24227287300000003,0.31199440599999995,0.256129172,-0.367665674,0.021674220200000004,0.013693509509999998,0.118014115,,222.54545454545456,1,L25_NIRS-2019-09-13_001_trial06.txt,32.0
4,411.84,-0.14768885699999995,0.285018397,0.55436285,-0.390790149,-0.19968311999999996,0.045976925999999994,0.266727291,0.21632313500000003,-0.36507834399999994,-0.0526382197,0.0018992377089999998,0.0910583085,,222.54545454545456,1,L25_NIRS-2019-09-13_001_trial06.txt,32.0
5,413.12,-0.0594806929,0.29426004399999994,0.6403841929999999,-0.31127504800000005,-0.0743240278,0.223184122,0.20199112700000002,0.159202138,-0.379837113,-0.11226117039999998,-0.013105797729999999,0.068854172,,222.54545454545456,1,L25_NIRS-2019-09-13_001_trial06.txt,32.0
6,414.4,-0.042043037,0.263760422,0.60569349,-0.311596797,-0.0719588036,0.22233691900000002,0.146311888,0.11702340200000001,-0.40588726700000005,-0.141953903,-0.027709972700000002,0.0523292328,,222.54545454545456,1,L25_NIRS-2019-09-13_001_trial06.txt,32.0
7,415.68,-0.10139739569999999,0.20651904699999996,0.4882228030000001,-0.35307754199999997,-0.162003309,0.1069883876,0.10161887080000001,0.09289574789999999,-0.4384832510000001,-0.13675428100000003,-0.0384461533,0.04929849920000001,,222.54545454545456,1,L25_NIRS-2019-09-13_001_trial06.txt,32.0
8,416.9599999999999,-0.14835735900000002,0.164912365,0.413941876,-0.33858870199999996,-0.239833709,0.061931533299999994,0.0787492578,0.08309997329999999,-0.46201495899999995,-0.08548058359999999,-0.04353419099999999,0.0695889714,,222.54545454545456,1,L25_NIRS-2019-09-13_001_trial06.txt,32.0
9,418.24000000000007,-0.20439972600000003,0.12319155600000002,0.380884942,-0.231933102,-0.255819182,0.1232318238,0.047413537000000006,0.0610938439,-0.486763131,-0.009424175039999996,-0.04518997670000001,0.0892252781,,222.54545454545456,1,L25_NIRS-2019-09-13_001_trial06.txt,32.0
10,419.52,-0.251849363,0.10105846169999999,0.36559655599999996,-0.06397265866230001,-0.222430968,0.22701190200000002,0.0021893292499999997,0.0290735809,-0.521198386,0.0500739496,-0.049557853,0.0901594689,,222.54545454545456,1,L25_NIRS-2019-09-13_001_trial06.txt,32.0
11,420.8,-0.239599079,0.12596011499999998,0.35285503599999996,0.085409073,-0.18248813599999997,0.285638702,-0.015219888499999997,0.014056898600000001,-0.554469031,0.07949784309999999,-0.055390397,0.0720640394,,222.54545454545456,1,L25_NIRS-2019-09-13_001_trial06.txt,32.0
12,422.0799999999999,-0.20481973599999997,0.17831479299999997,0.315017502,0.12304196299999999,-0.194898651,0.21761958799999997,0.01301565428,0.03267102040000001,-0.579865026,0.07740434819999999,-0.0545310683,0.0344186865,,222.54545454545456,1,L25_NIRS-2019-09-13_001_trial06.txt,32.0
13,423.35999999999996,-0.15216891500000002,0.272161365,0.28303098000000004,0.0666965767,-0.2538577,0.048162976157,0.0798781548,0.0831556688,-0.5941425410000001,0.0407903685,-0.046268647499999996,-0.011852689790999998,,222.54545454545456,1,L25_NIRS-2019-09-13_001_trial06.txt,32.0
14,424.64000000000004,-0.1081588811,0.3758777750000001,0.259403643,-0.036765091459999996,-0.31309552199999996,-0.1539614959,0.131623085,0.127398562,-0.6071473650000001,-0.01943823199,-0.0344390178,-0.0585790613,,222.54545454545456,1,L25_NIRS-2019-09-13_001_trial06.txt,32.0
15,425.91999999999996,0.013644133930000002,0.491576419,0.330622819,-0.0805402668,-0.303299583,-0.223070448,0.16929420700000003,0.153564305,-0.6057637610000001,-0.07225061880000001,-0.0240716019,-0.0764506046,,222.54545454545456,1,L25_NIRS-2019-09-13_001_trial06.txt,32.0
16,427.2,0.1441201596,0.5752756159999999,0.4194987680000001,-0.0618447156,-0.23871127499999995,-0.17963848,0.18372271699999998,0.164585304,-0.602354528,-0.10116169819999998,-0.011221456949999998,-0.0823207361,,222.54545454545456,1,L25_NIRS-2019-09-13_001_trial06.txt,32.0
17,428.48,0.273417482,0.622941715,0.501473948,-0.0507228166,-0.18063774999999999,-0.12518351200000002,0.196908131,0.17910146500000002,-0.5944326899999999,-0.125658342,0.0018971190294,-0.09029893409999999,,222.54545454545456,1,L25_NIRS-2019-09-13_001_trial06.txt,32.0
18,429.76000000000005,0.31096911299999996,0.6101757359999999,0.534194498,-0.0839718539,-0.165545446,-0.12056846299999999,0.19950924200000003,0.19252691700000002,-0.589017601,-0.15136701,0.008525128280000002,-0.10493980840000001,,222.54545454545456,1,L25_NIRS-2019-09-13_001_trial06.txt,32.0
19,431.03999999999996,0.22448521300000004,0.542322507,0.503004298,-0.174981027,-0.216061781,-0.186619068,0.20179633299999997,0.20663460700000003,-0.589323256,-0.16251464499999999,0.014363617299999997,-0.12217599300000001,,222.54545454545456,1,L25_NIRS-2019-09-13_001_trial06.txt,32.0
20,432.32,0.1209378394,0.4961061169999999,0.48072455100000006,-0.240724467,-0.29069791,-0.252649992,0.22175811199999998,0.22838978000000001,-0.587415077,-0.16328405899999998,0.027382638200000003,-0.11856138899999999,,222.54545454545456,1,L25_NIRS-2019-09-13_001_trial06.txt,32.0
21,433.6000000000001,0.10176385400000001,0.500691374,0.5313663350000001,-0.257026562,-0.29930304100000005,-0.227092594,0.23750825800000003,0.239682575,-0.5794564130000001,-0.16580392000000002,0.040948133799999994,-0.0957225233,,222.54545454545456,1,L25_NIRS-2019-09-13_001_trial06.txt,32.0
22,434.87999999999994,0.222888399,0.5712954560000001,0.6611753989999999,-0.1495735803,-0.192249763,-0.03466413067,0.21503624300000004,0.22786385999999997,-0.57574518,-0.16663443400000003,0.0446757695,-0.0678813359,,222.54545454545456,1,L25_NIRS-2019-09-13_001_trial06.txt,32.0
23,436.16,0.39694184,0.638130603,0.7575552360000001,-0.006691277649999996,-0.04616523261,0.1953695598,0.133544065,0.18153831,-0.594942105,-0.180914349,0.0323598898,-0.07379633990000001,,222.54545454545456,1,L25_NIRS-2019-09-13_001_trial06.txt,32.0
24,437.43999999999994,0.526859655,0.653691483,0.782720076,0.09625210529999999,0.02749120546,0.355491251,0.02237561222,0.1126650705,-0.622869954,-0.18279588800000002,-0.002985736226,-0.09029892800000001,,222.54545454545456,1,L25_NIRS-2019-09-13_001_trial06.txt,32.0
25,438.33599999999996,0.5362915775,0.609241695,0.76046407,0.12076807749999999,0.0162102224625,0.3891432525,-0.06718788525,0.054029668749999996,-0.64090582,-0.1825745075,-0.03652391025,-0.10296042075,,222.54545454545456,1,L25_NIRS-2019-09-13_001_trial06.txt,32.0
